                                                                BULLETIN B 319
                                        			1 Septembre 2014   
    
 Contents are described in ftp://hpiers.obspm.fr/iers/bul/bulb_new/bulletinb.pdf 
	
 1 - DAILY FINAL VALUES OF x, y, UT1-UTC, dX, dY
 Angular unit is milliarcsecond (mas), time unit is millisecond (ms). 
 Upgraded solution from February 1 2011 - consistent with ITRF 2008.
 
       DATE     MJD       x       y      UT1-UTC      dX     dY     x err    y err   UT1 err  X err  Y err
    (0 h UTC)            mas     mas       ms         mas    mas     mas      mas      ms     mas     mas

 Final values 

 Mean formal error      0.051    0.054    0.0081    0.033  0.041 
 
2014   7   2   56840  171.897  413.791 -302.2262    0.203 -0.318    0.050    0.048    0.0091  0.023  0.032
2014   7   3   56841  173.223  412.770 -302.6986    0.171 -0.272    0.049    0.055    0.0049  0.022  0.031
2014   7   4   56842  174.571  411.718 -303.2319    0.145 -0.247    0.048    0.055    0.0097  0.022  0.031
2014   7   5   56843  175.531  410.939 -303.7737    0.124 -0.234    0.047    0.055    0.0136  0.022  0.030
2014   7   6   56844  176.357  409.851 -304.2749    0.108 -0.226    0.048    0.054    0.0143  0.022  0.029
2014   7   7   56845  177.000  408.770 -304.7022    0.097 -0.245    0.046    0.054    0.0130  0.022  0.028
2014   7   8   56846  177.602  407.704 -305.0522    0.093 -0.245    0.043    0.051    0.0036  0.023  0.029
2014   7   9   56847  178.395  406.780 -305.3516    0.119 -0.230    0.043    0.050    0.0088  0.027  0.034
2014   7  10   56848  179.056  405.874 -305.6398    0.153 -0.213    0.043    0.047    0.0084  0.033  0.039
2014   7  11   56849  180.057  404.783 -305.9670    0.189 -0.199    0.044    0.046    0.0032  0.037  0.045
2014   7  12   56850  181.119  403.702 -306.3817    0.195 -0.203    0.043    0.047    0.0086  0.037  0.046
2014   7  13   56851  182.012  402.757 -306.9373    0.187 -0.214    0.043    0.042    0.0108  0.036  0.045
2014   7  14   56852  182.718  401.707 -307.6573    0.175 -0.226    0.044    0.038    0.0127  0.034  0.044
2014   7  15   56853  183.180  400.689 -308.5126    0.160 -0.236    0.044    0.040    0.0038  0.032  0.043
2014   7  16   56854  183.578  399.236 -309.4310    0.158 -0.217    0.044    0.047    0.0113  0.032  0.043
2014   7  17   56855  184.160  397.875 -310.3337    0.158 -0.191    0.090    0.050    0.0135  0.033  0.043
2014   7  18   56856  184.393  396.245 -311.1583    0.159 -0.165    0.056    0.061    0.0046  0.029  0.037
2014   7  19   56857  185.396  394.560 -311.8707    0.147 -0.169    0.056    0.062    0.0062  0.027  0.034
2014   7  20   56858  186.468  393.196 -312.4329    0.133 -0.187    0.052    0.061    0.0119  0.023  0.030
2014   7  21   56859  187.772  391.859 -312.8114    0.122 -0.207    0.050    0.060    0.0102  0.019  0.025
2014   7  22   56860  188.751  391.101 -313.0149    0.115 -0.226    0.050    0.057    0.0025  0.015  0.021
2014   7  23   56861  189.336  390.017 -313.1042    0.139 -0.245    0.051    0.056    0.0064  0.024  0.032
2014   7  24   56862  189.637  389.282 -313.1364    0.170 -0.261    0.051    0.055    0.0092  0.035  0.047
2014   7  25   56863  190.011  388.124 -313.1554    0.199 -0.275    0.056    0.057    0.0052  0.047  0.062
2014   7  26   56864  190.393  387.082 -313.1873    0.203 -0.265    0.057    0.062    0.0064  0.045  0.060
2014   7  27   56865  190.973  385.955 -313.2671    0.193 -0.247    0.061    0.066    0.0082  0.039  0.051
2014   7  28   56866  192.002  384.965 -313.4241    0.175 -0.229    0.064    0.066    0.0089  0.032  0.043
2014   7  29   56867  193.130  383.992 -313.6739    0.150 -0.214    0.060    0.066    0.0025  0.025  0.034
2014   7  30   56868  194.146  382.915 -314.0308    0.100 -0.210    0.054    0.059    0.0063  0.045  0.052
2014   7  31   56869  194.693  381.746 -314.4661    0.043 -0.211    0.053    0.054    0.0079  0.068  0.072
2014   8   1   56870  195.492  380.224 -314.9180   -0.011 -0.216    0.054    0.061    0.0046  0.090  0.092

 Preliminary extension 
2014   8   2   56871  196.060  379.056 -315.3291   -0.025 -0.250    0.052    0.065    0.0095  0.128  0.148
2014   8   3   56872  196.652  377.631 -315.6714   -0.020 -0.292    0.051    0.057    0.0140  0.171  0.217
2014   8   4   56873  197.591  376.141 -315.9387   -0.008 -0.326    0.033    0.052    0.0127  0.214  0.287
2014   8   5   56874  198.586  374.536 -316.1103    0.010 -0.348    0.029    0.053    0.0056  0.257  0.356
2014   8   6   56875  199.848  373.218 -316.2438    0.010 -0.330    0.042    0.056    0.0131  0.220  0.299
2014   8   7   56876  201.158  372.188 -316.3137    0.007 -0.291    0.046    0.055    0.0197  0.162  0.209
2014   8   8   56877  202.154  371.223 -316.4089    0.004 -0.244    0.054    0.055    0.0051  0.103  0.119
2014   8   9   56878  203.133  370.127 -316.6619    0.006  0.001    0.054    0.053    0.0205  0.097  0.087
2014   8  10   56879  204.278  369.117 -317.0758    0.006  0.002    0.134    0.142    0.0103  0.100  0.085
2014   8  11   56880  205.455  368.289 -317.6708    0.006  0.002    0.201    0.190    0.0087  0.100  0.085
2014   8  12   56881  206.536  367.606 -318.4060    0.006  0.002    0.227    0.133    0.0097  0.100  0.085
2014   8  13   56882  207.362  366.837 -319.2083    0.006  0.001    0.253    0.113    0.0103  0.100  0.085
2014   8  14   56883  207.983  366.035 -320.0493    0.006  0.001    0.253    0.088    0.0076  0.100  0.085
2014   8  15   56884  208.849  364.882 -320.8159    0.006  0.001    0.196    0.077    0.0097  0.100  0.085
2014   8  16   56885  209.677  363.508 -321.4471    0.006  0.002    0.112    0.099    0.0113  0.100  0.085
2014   8  17   56886  210.169  362.107 -321.9532    0.006  0.001    0.087    0.124    0.0095  0.100  0.085
2014   8  18   56887  210.369  360.744 -322.3533    0.006  0.001    0.113    0.128    0.0080  0.100  0.085
2014   8  19   56888  210.024  359.289 -322.6495    0.006  0.001    0.130    0.132    0.0088  0.100  0.085
2014   8  20   56889  209.770  357.776 -322.8687    0.006  0.002    0.138    0.106    0.0063  0.100  0.085
2014   8  21   56890  209.581  356.144 -323.0671    0.006  0.001    0.191    0.125    0.0088  0.100  0.085
2014   8  22   56891  209.728  354.397 -323.2256    0.006  0.001    0.198    0.114    0.0070  0.100  0.085
2014   8  23   56892  209.581  352.553 -323.4489    0.006  0.002    0.151    0.062    0.0085  0.100  0.085
2014   8  24   56893  209.554  350.662 -323.6899    0.006  0.001    0.147    0.132    0.0121  0.100  0.085
2014   8  25   56894  209.489  348.833 -323.9043    0.006  0.001    0.189    0.147    0.0081  0.100  0.085
2014   8  26   56895  209.274  346.950 -324.1952    0.006  0.002    0.264    0.131    0.0059  0.100  0.085
2014   8  27   56896  209.166  344.977 -324.5978    0.006  0.001    0.226    0.143    0.0052  0.100  0.085
2014   8  28   56897  209.007  342.947 -325.1622    0.006  0.001    0.177    0.226    0.0131  0.100  0.085
2014   8  29   56898  208.700  341.054 -325.6353    0.006  0.001  999.000  999.000  999.0000 999.000 999.000
2014   8  30   56899  208.331  339.241 -326.1687    0.006  0.001  999.000  999.000  999.0000 999.000 999.000
2014   8  31   56900  207.998  337.500 -326.6994    0.006  0.001  999.000  999.000  999.0000 999.000 999.000
2014   9   1   56901  207.618  335.889 -327.2045    0.006  0.001  999.000  999.000  999.0000 999.000 999.000
 
	
 2 - DAILY FINAL VALUES OF CELESTIAL POLE OFFSETS dPsi1980 & dEps1980
  dPsi1980   dEps1980 ....dPsi,dEps / IAU 1980 precession-nutation model      
 Description : ftp://hpiers.obspm.fr/iers/bul/bulb_new/bulletinb.pdf
 The Reference Systems are described in the 2006 IERS Annual Report.
 
       DATE     MJD    dPsi1980   dEps1980  sig dPsi  sig dEps   
    (0 h UTC)             mas        mas      mas       mas   

2014   7   2   56840   -85.226   -13.947     0.057     0.032
2014   7   3   56841   -85.385   -13.937     0.056     0.031
2014   7   4   56842   -85.296   -13.902     0.055     0.031
2014   7   5   56843   -85.279   -13.881     0.055     0.030
2014   7   6   56844   -85.714   -13.894     0.055     0.029
2014   7   7   56845   -86.556   -13.894     0.055     0.028
2014   7   8   56846   -87.332   -13.750     0.059     0.029
2014   7   9   56847   -87.589   -13.532     0.069     0.034
2014   7  10   56848   -87.416   -13.452     0.082     0.039
2014   7  11   56849   -87.131   -13.595     0.094     0.045
2014   7  12   56850   -87.028   -13.783     0.094     0.046
2014   7  13   56851   -87.131   -13.753     0.090     0.045
2014   7  14   56852   -87.400   -13.507     0.086     0.044
2014   7  15   56853   -87.773   -13.280     0.081     0.043
2014   7  16   56854   -88.156   -13.197     0.081     0.043
2014   7  17   56855   -88.547   -13.226     0.083     0.043
2014   7  18   56856   -88.863   -13.288     0.073     0.037
2014   7  19   56857   -88.979   -13.421     0.067     0.034
2014   7  20   56858   -88.861   -13.620     0.057     0.030
2014   7  21   56859   -88.752   -13.800     0.048     0.025
2014   7  22   56860   -88.915   -13.879     0.038     0.021
2014   7  23   56861   -89.240   -13.881     0.060     0.032
2014   7  24   56862   -89.506   -13.896     0.089     0.047
2014   7  25   56863   -89.524   -13.944     0.118     0.062
2014   7  26   56864   -89.364   -13.917     0.114     0.060
2014   7  27   56865   -89.185   -13.758     0.097     0.051
2014   7  28   56866   -89.175   -13.544     0.081     0.043
2014   7  29   56867   -89.408   -13.436     0.064     0.034
2014   7  30   56868   -89.803   -13.506     0.113     0.052
2014   7  31   56869   -90.057   -13.658     0.170     0.072
2014   8   1   56870   -90.037   -13.766     0.226     0.092

 
 3 - EARTH ANGULAR VELOCITY : DAILY FINAL VALUES OF LOD, OMEGA AT 0hUTC
 
 LOD     : Excess of the Length of day - 86400 s TAI 
 OMEGA   : Earth angular velocity  
 Description: ftp://hpiers.obspm.fr/iers/bul/bulb_new/bulletinb.pdf
 
    DATE        MJD     LOD     sigma      OMEGA           sigma        
 (0 h UTC)              ms       ms        mas/ms          mas/ms

2014   7   2   56840  0.4064  0.0098  15.04106710792    0.00000000171 
2014   7   3   56841  0.4903  0.0102  15.04106709332    0.00000000178 
2014   7   4   56842  0.5509  0.0106  15.04106708277    0.00000000185 
2014   7   5   56843  0.5212  0.0102  15.04106708794    0.00000000178 
2014   7   6   56844  0.4462  0.0102  15.04106710099    0.00000000178 
2014   7   7   56845  0.3692  0.0101  15.04106711440    0.00000000176 
2014   7   8   56846  0.3207  0.0102  15.04106712284    0.00000000178 
2014   7   9   56847  0.2802  0.0104  15.04106712989    0.00000000181 
2014   7  10   56848  0.2773  0.0102  15.04106713040    0.00000000178 
2014   7  11   56849  0.3448  0.0103  15.04106711865    0.00000000179 
2014   7  12   56850  0.4355  0.0099  15.04106710286    0.00000000172 
2014   7  13   56851  0.6108  0.0099  15.04106707234    0.00000000172 
2014   7  14   56852  0.7967  0.0105  15.04106703998    0.00000000183 
2014   7  15   56853  0.8907  0.0101  15.04106702361    0.00000000176 
2014   7  16   56854  0.9331  0.0102  15.04106701623    0.00000000178 
2014   7  17   56855  0.8697  0.0106  15.04106702727    0.00000000185 
2014   7  18   56856  0.7342  0.0104  15.04106705086    0.00000000181 
2014   7  19   56857  0.6137  0.0104  15.04106707183    0.00000000181 
2014   7  20   56858  0.4600  0.0102  15.04106709859    0.00000000178 
2014   7  21   56859  0.2964  0.0097  15.04106712707    0.00000000169 
2014   7  22   56860  0.1487  0.0102  15.04106715278    0.00000000178 
2014   7  23   56861  0.0612  0.0101  15.04106716802    0.00000000176 
2014   7  24   56862  0.0212  0.0101  15.04106717498    0.00000000176 
2014   7  25   56863  0.0275  0.0102  15.04106717388    0.00000000178 
2014   7  26   56864  0.0232  0.0102  15.04106717463    0.00000000178 
2014   7  27   56865  0.0778  0.0106  15.04106716513    0.00000000185 
2014   7  28   56866  0.1986  0.0107  15.04106714410    0.00000000186 
2014   7  29   56867  0.3121  0.0110  15.04106712434    0.00000000191 
2014   7  30   56868  0.4025  0.0111  15.04106710860    0.00000000193 
2014   7  31   56869  0.4276  0.0110  15.04106710423    0.00000000191 
2014   8   1   56870  0.4132  0.0105  15.04106710674    0.00000000183 


 4 - INFORMATION ON TIME SCALES 
     
     TAI - UTC = 35 s.         during period [56840-56870]

     No leap second introduced during period [56840-56870]

     All information concerning time scales : 
	 - leap seconds announcements : Bulletin C 
	 - DUT1 announcements (UT1-UTC with 0.1 s accuracy) : Bulletin D
      can be found at : 
         - web site : http://hpiers.obspm.fr/eop-pc/
         - anonymous ftp : hpiers.obspm.fr/iers/ or 145.238.100.28


 5 - SUMMARY OF CONTRIBUTED EARTH ORIENTATION PARAMETERS SERIES
 This section gives the average precision of the individual series, some of them
 contributing to the combination (*) and their average agreement with it. 
 The period covered is that one of Bulletin B. 
 
    Units :  micro-arc-seconds for x/y/dX/dY        micro-seconds for UT1/LOD
-----------------------------------------------------------------------------
  EOP series             first line  : Mean  formal  uncertainty
  Periods covered        second line : Weighted RMS agreement with Bulletin B
-----------------------------------------------------------------------------
                                x     y    UT1   LOD   dX    dY   Data Number		

 VLBI Standards

 AUS       
 aus00007.eops                 53    56     3     -    51    47       8
 56841.27 to 56867.21         348   319    10     -   116    64

 BKG       
 bkg00014.eops                 54    66     2     -    38    35       8
 56841.27 to 56867.21         116   110     8     -    40    29

 GSFC      
 gsf2014a.eops                 51    53     2     6    35    33       8
 56841.27 to 56867.21          52    80     9    13    23    19

 IAA       
 iaa2007a.eops                 46    52     2     -    37    36       8
 56841.27 to 56867.21         123   137    15     -    47    38

 USNO      
 usn2014.eops                  63    66     3     -    65    59       8
 56841.27 to 56867.21          98   100    13     -    65    55

 IVS      *
 ivs07r1e.eops                 12    12     0     -     5    14       8
 56841.27 to 56867.21          90    86     1     -     4     3


 VLBI Intensive

 BKG      *
 bkgint09.eopi                  -     -    10     -     -     -      32
 56840.79 to 56869.79           -     -    22     -     -     -

 GSFC     *
 gsf2014a.eopi                  -     -    13     -     -     -      32
 56840.79 to 56869.79           -     -    21     -     -     -

 IAA      *
 iaa2005a.eopi                  -     -    10     -     -     -      17
 56840.79 to 56869.79           -     -    25     -     -     -

 PUL       
 pul2010a.eopi                  -     -    11     -     -     -      24
 56840.79 to 56869.79           -     -    19     -     -     -

 USNO     *
 usn2014.eopi                   -     -    13     -     -     -      32
 56840.79 to 56869.79           -     -    21     -     -     -


 GPS

 CODE      
 cod*.erp                       6     6     -     0     -     -      30
 56840.50 to 56869.50          24    29     -     7     -     -

 JPL       
 jpl*.erp                       8     9     -     4     -     -      30
 56840.50 to 56869.50          24    38     -    17     -     -

 GFZ       
 gfz*.erp                       5     6     -     1     -     -      30
 56840.50 to 56869.50          31    33     -     7     -     -

 ESOC      
 esa*.erp                       8     9     -     3     -     -      30
 56840.50 to 56869.50          27    30     -     7     -     -

 NOAA      
 ngs*.erp                       2     3     -     0     -     -      30
 56840.50 to 56869.50          50    63     -     9     -     -

 SIO       
 sio*.erp siu*.erp             22    20     -     6     -     -      30
 56840.50 to 56869.50          23    28     -    13     -     -

 EMR       
 emr*.erp                      29    29     -     7     -     -      30
 56840.50 to 56869.50          27    26     -     9     -     -

 IAA       
 gps_iaa_*.eop                  4     5     -     0     -     -      29
 56840.50 to 56869.50          38    55     -    11     -     -

 MIT       
 mit*.erp                      12    12     -     2     -     -      30
 56840.50 to 56869.50          24    31     -     8     -     -

 IGR      *
 igs96p02.erp                  16    17     -     4     -     -      30
 56840.50 to 56869.50          24    22     -     6     -     -

 IGS      *
 igs00p03.erp                   6     7     -     1     -     -      30
 56840.50 to 56869.50          20    25     -     4     -     -


 SLR

 MCC       
 tg*.02                       157   157     -    23     -     -      27
 56840.00 to 56870.00         137   151     -   224     -     -

 IAA       
 slr_iaa_*.eop                 49    51     -     3     -     -      31
 56840.00 to 56870.00         166   183     -    21     -     -

 CGS       
 asi*.eop                      59    59     -    11     -     -      30
 56840.50 to 56869.50         142   165     -    35     -     -

 ILRS     *
 ilrsa.eop                     51    50     -     8     -     -      30
 56840.50 to 56869.50          92   100     -    18     -     -


 BULLETIN A

 NEOS      
 mark3.out                     24    25     5     -     -     -      31
 56840.00 to 56870.00          31    39     9     -     -     -

To unsubscribe : http://hpiers.obspm.fr/eop-pc/products/bulletins/bulletin_registration.html