2013	11	2	56598	86.815	284.330	-26.5342	-0.188	0.203	0.048	0.048	0.0073	0.038	0.060
2013	11	3	56599	85.515	284.793	-27.8983	-0.178	0.249	0.058	0.056	0.0087	0.037	0.056
2013	11	4	56600	84.395	284.876	-29.2178	-0.152	0.247	0.061	0.064	0.0114	0.028	0.041
2013	11	5	56601	83.174	285.500	-30.5056	-0.136	0.285	0.060	0.058	0.0121	0.026	0.036
2013	11	6	56602	81.816	285.783	-31.7375	-0.120	0.318	0.058	0.057	0.0039	0.023	0.033
2013	11	7	56603	81.089	286.143	-32.8981	-0.118	0.322	0.059	0.065	0.0087	0.039	0.061
2013	11	8	56604	79.839	286.639	-34.0371	-0.121	0.309	0.059	0.071	0.0068	0.058	0.098
2013	11	9	56605	77.895	286.644	-35.2054	-0.133	0.315	0.059	0.067	0.0084	0.058	0.097
2013	11	10	56606	76.242	286.099	-36.4510	-0.147	0.321	0.053	0.062	0.0076	0.050	0.082
2013	11	11	56607	74.842	285.789	-37.7943	-0.149	0.282	0.053	0.062	0.0050	0.021	0.033
2013	11	12	56608	73.684	285.213	-39.2306	-0.159	0.276	0.057	0.061	0.0057	0.023	0.034
2013	11	13	56609	73.102	284.968	-40.7210	-0.178	0.239	0.054	0.060	0.0027	0.026	0.035
2013	11	14	56610	72.468	284.950	-42.1969	-0.233	0.251	0.049	0.059	0.0059	0.024	0.031
2013	11	15	56611	71.816	285.149	-43.5710	-0.292	0.267	0.054	0.060	0.0031	0.022	0.026
2013	11	16	56612	70.240	285.498	-44.7887	-0.224	0.298	0.059	0.062	0.0073	0.023	0.028
2013	11	17	56613	68.372	285.979	-45.8782	-0.106	0.327	0.054	0.059	0.0076	0.026	0.032
2013	11	18	56614	66.653	286.810	-46.8692	0.021	0.332	0.052	0.058	0.0056	0.030	0.038
2013	11	19	56615	65.169	287.571	-47.7974	0.133	0.353	0.057	0.061	0.0026	0.033	0.042
2013	11	20	56616	63.703	288.165	-48.6896	0.074	0.352	0.056	0.060	0.0060	0.037	0.039
2013	11	21	56617	62.361	288.725	-49.5709	0.005	0.293	0.058	0.061	0.0069	0.051	0.075
2013	11	22	56618	61.418	289.168	-50.4526	-0.092	0.253	0.076	0.080	0.0052	0.062	0.094
2013	11	23	56619	60.913	289.509	-51.4100	-0.114	0.231	0.078	0.082	0.0062	0.147	0.201
2013	11	24	56620	60.152	290.186	-52.5353	-0.106	0.223	0.054	0.065	0.0099	0.260	0.341
2013	11	25	56621	59.490	290.704	-53.7384	-0.111	0.207	0.055	0.065	0.0081	0.370	0.475
2013	11	26	56622	59.061	291.555	-55.0059	-0.097	0.216	0.054	0.065	0.0121	0.487	0.622
2013	11	27	56623	58.500	292.168	-56.3624	-0.092	0.235	0.070	0.077	0.0085	0.454	0.579
2013	11	28	56624	57.886	292.791	-57.7845	-0.082	0.262	0.075	0.078	0.0056	0.385	0.492
2013	11	29	56625	57.502	293.295	-59.2309	-0.070	0.294	0.057	0.063	0.0095	0.315	0.404
2013	11	30	56626	57.586	293.748	-60.6302	-0.054	0.325	0.058	0.066	0.0076	0.246	0.317
2013	12	1	56627	57.869	294.172	-61.9823	-0.039	0.349	0.059	0.070	0.0075	0.177	0.230
2013	12	2	56628	57.812	294.877	-63.2813	-0.025	0.364	0.058	0.067	0.0117	0.106	0.143
2013	12	3	56629	57.215	295.605	-64.4885	-0.011	0.364	0.058	0.064	0.0044	0.037	0.056
2013	12	4	56630	56.964	296.397	-65.6052	-0.025	0.400	0.065	0.066	0.0038	0.045	0.041
2013	12	5	56631	57.134	297.390	-66.7424	-0.046	0.431	0.065	0.069	0.0052	0.072	0.045
2013	12	6	56632	57.086	298.647	-67.9462	-0.069	0.448	0.059	0.067	0.0064	0.099	0.049
2013	12	7	56633	57.007	300.398	-69.2497	0.005	0.002	0.076	0.082	0.0074	0.082	0.070
2013	12	8	56634	56.973	301.531	-70.6396	0.005	0.002	0.072	0.082	0.0109	0.074	0.078
2013	12	9	56635	57.200	302.531	-72.0708	-0.009	0.166	0.048	0.061	0.0107	0.046	0.030
2013	12	10	56636	57.065	303.856	-73.4731	-0.010	0.191	0.056	0.067	0.0049	0.021	0.029
2013	12	11	56637	56.879	305.162	-74.7678	0.001	0.212	0.056	0.068	0.0082	0.019	0.026
2013	12	12	56638	56.870	306.250	-75.9664	0.023	0.233	0.092	0.085	0.0130	0.019	0.027
2013	12	13	56639	56.510	307.277	-77.0616	0.043	0.253	0.095	0.086	0.0039	0.019	0.028
2013	12	14	56640	55.709	308.232	-78.0346	0.036	0.273	0.064	0.071	0.0080	0.043	0.061
2013	12	15	56641	54.570	308.614	-78.8823	0.019	0.287	0.063	0.070	0.0099	0.076	0.106
2013	12	16	56642	53.198	308.546	-79.6017	0.027	0.306	0.056	0.063	0.0078	0.144	0.170
2013	12	17	56643	51.716	308.102	-80.2450	0.021	0.310	0.056	0.061	0.0055	0.188	0.221
2013	12	18	56644	49.959	308.079	-80.8446	0.039	0.311	0.086	0.087	0.0048	0.151	0.179
2013	12	19	56645	48.338	308.156	-81.4731	0.058	0.302	0.090	0.093	0.0065	0.089	0.106
2013	12	20	56646	47.108	308.654	-82.1956	0.075	0.283	0.094	0.097	0.0030	0.028	0.033
2013	12	21	56647	46.064	309.102	-83.0489	0.077	0.229	0.098	0.098	0.0065	0.013	0.016
2013	12	22	56648	45.176	309.738	-84.0445	0.070	0.163	0.069	0.070	0.0060	0.015	0.019
2013	12	23	56649	44.293	310.448	-85.1722	0.062	0.101	0.056	0.062	0.0095	0.017	0.023
2013	12	24	56650	43.537	311.200	-86.4091	0.050	0.045	0.053	0.059	0.0037	0.019	0.026
2013	12	25	56651	42.686	312.361	-87.7291	0.045	0.040	0.078	0.079	0.0075	0.018	0.025
2013	12	26	56652	41.808	313.435	-89.1107	0.040	0.058	0.081	0.083	0.0111	0.016	0.022
2013	12	27	56653	41.068	314.844	-90.5322	0.032	0.087	0.113	0.099	0.0036	0.014	0.020
2013	12	28	56654	40.491	315.949	-91.9602	0.026	0.104	0.114	0.101	0.0090	0.016	0.021
2013	12	29	56655	40.099	316.820	-93.3502	0.021	0.120	0.079	0.077	0.0103	0.018	0.025
2013	12	30	56656	39.588	317.646	-94.6605	0.013	0.141	0.074	0.070	0.0060	0.021	0.028
2013	12	31	56657	38.987	318.247	-95.8816	0.007	0.162	0.060	0.069	0.0013	0.023	0.031
2014	1	1	56658	38.635	318.873	-97.0509	-0.027	0.194	0.061	0.072	0.0062	0.038	0.050
2014	1	2	56659	38.392	319.560	-98.2417	-0.064	0.224	0.066	0.069	0.0100	0.058	0.075
2014	1	3	56660	37.782	320.363	-99.5045	-0.095	0.243	0.074	0.074	0.0044	0.078	0.099
2014	1	4	56661	37.125	320.762	-100.8534	-0.075	0.256	0.077	0.080	0.0090	0.073	0.092
2014	1	5	56662	36.686	321.192	-102.2594	-0.033	0.258	0.062	0.073	0.0084	0.058	0.074
2014	1	6	56663	36.107	321.881	-103.6670	0.013	0.248	0.050	0.063	0.0060	0.050	0.061
2014	1	7	56664	35.279	322.794	-104.9941	0.056	0.231	0.062	0.064	0.0015	0.033	0.041
2014	1	8	56665	34.294	323.912	-106.1719	0.057	0.229	0.075	0.068	0.0053	0.028	0.034
2014	1	9	56666	33.907	324.957	-107.2008	0.045	0.233	0.070	0.071	0.0107	0.026	0.031
2014	1	10	56667	33.546	326.433	-108.0952	0.031	0.235	0.063	0.072	0.0060	0.024	0.027
2014	1	11	56668	32.776	327.841	-108.8510	0.033	0.249	0.066	0.071	0.0073	0.030	0.034
2014	1	12	56669	31.632	328.925	-109.4762	0.040	0.265	0.066	0.071	0.0066	0.038	0.045
2014	1	13	56670	30.272	329.986	-110.0333	0.047	0.274	0.063	0.063	0.0076	0.046	0.056
2014	1	14	56671	29.421	330.656	-110.5752	0.050	0.275	0.076	0.085	0.0026	0.054	0.067
2014	1	15	56672	28.546	331.742	-111.1690	0.118	0.199	0.123	0.120	0.0096	0.041	0.051
2014	1	16	56673	27.457	332.608	-111.8389	0.152	0.183	0.115	0.097	0.0148	0.035	0.043
2014	1	17	56674	26.580	333.728	-112.6043	0.183	0.167	0.066	0.060	0.0060	0.028	0.036
2014	1	18	56675	25.855	335.069	-113.4933	0.181	0.156	0.066	0.060	0.0069	0.029	0.037
2014	1	19	56676	24.806	336.353	-114.5454	0.164	0.148	0.070	0.066	0.0081	0.034	0.042
2014	1	20	56677	23.812	337.368	-115.7127	0.127	0.141	0.063	0.065	0.0073	0.038	0.046
2014	1	21	56678	23.712	338.243	-116.9561	0.104	0.132	0.059	0.068	0.0109	0.042	0.050
2014	1	22	56679	24.082	338.997	-118.2377	0.080	0.121	0.061	0.068	0.0046	0.046	0.054
2014	1	23	56680	24.329	339.927	-119.5135	0.166	0.120	0.060	0.063	0.0084	0.034	0.040
2014	1	24	56681	24.480	340.703	-120.7234	0.277	0.119	0.063	0.066	0.0050	0.018	0.021
2014	1	25	56682	24.339	341.338	-121.8334	0.304	0.101	0.072	0.071	0.0059	0.029	0.036
2014	1	26	56683	24.143	341.833	-122.8609	0.292	0.075	0.068	0.072	0.0108	0.051	0.064
2014	1	27	56684	24.219	342.592	-123.8269	0.247	0.063	0.067	0.076	0.0106	0.025	0.031
2014	1	28	56685	24.393	343.907	-124.7856	0.206	0.042	0.063	0.071	0.0105	0.030	0.037
2014	1	29	56686	24.500	345.495	-125.8104	0.153	0.023	0.052	0.058	0.0039	0.031	0.042
2014	1	30	56687	24.526	346.902	-126.9629	0.185	0.030	0.056	0.057	0.0083	0.037	0.048
2014	1	31	56688	24.216	347.929	-128.2635	0.234	0.048	0.056	0.053	0.0041	0.044	0.055
2014	2	1	56689	23.746	348.777	-129.6531	0.200	0.066	0.057	0.052	0.0094	0.043	0.053
2014	2	2	56690	23.546	349.472	-131.0704	0.134	0.089	0.054	0.053	0.0063	0.038	0.047
2014	2	3	56691	23.587	350.099	-132.4575	0.070	0.115	0.055	0.051	0.0069	0.034	0.041
2014	2	4	56692	23.731	351.001	-133.7438	0.011	0.143	0.053	0.052	0.0023	0.030	0.035
2014	2	5	56693	23.882	352.327	-134.8635	0.059	0.153	0.052	0.053	0.0108	0.053	0.039
2014	2	6	56694	24.326	353.693	-135.7882	0.141	0.158	0.052	0.052	0.0146	0.085	0.045
2014	2	7	56695	24.504	355.291	-136.5502	0.228	0.157	0.052	0.053	0.0086	0.116	0.051
2014	2	8	56696	24.453	356.675	-137.2079	0.224	0.179	0.051	0.050	0.0090	0.107	0.050
2014	2	9	56697	24.378	358.195	-137.8092	0.185	0.204	0.052	0.051	0.0125	0.082	0.046
2014	2	10	56698	24.167	359.775	-138.3968	0.141	0.219	0.051	0.053	0.0097	0.057	0.042
2014	2	11	56699	24.019	361.757	-139.0051	0.093	0.227	0.055	0.057	0.0021	0.033	0.039
2014	2	12	56700	23.525	363.716	-139.6693	0.160	0.178	0.062	0.059	0.0058	0.036	0.048
2014	2	13	56701	22.797	365.376	-140.4604	0.255	0.115	0.067	0.062	0.0067	0.045	0.061
2014	2	14	56702	22.064	367.071	-141.3986	0.344	0.053	0.076	0.071	0.0049	0.054	0.074
2014	2	15	56703	21.480	368.624	-142.4512	0.330	0.044	0.066	0.072	0.0060	0.079	0.098
2014	2	16	56704	21.005	370.370	-143.6581	0.273	0.057	0.058	0.065	0.0086	0.109	0.126
2014	2	17	56705	20.488	372.132	-144.9610	0.211	0.066	0.061	0.060	0.0077	0.139	0.153
2014	2	18	56706	19.812	373.408	-146.3208	0.138	0.082	0.061	0.063	0.0042	0.169	0.181
2014	2	19	56707	19.886	374.810	-147.7070	0.153	0.041	0.068	0.064	0.0071	0.141	0.153
2014	2	20	56708	20.101	376.100	-149.0550	0.200	0.009	0.068	0.059	0.0076	0.095	0.107
2014	2	21	56709	20.333	377.353	-150.3430	0.245	-0.020	0.064	0.059	0.0046	0.051	0.062
2014	2	22	56710	20.503	378.514	-151.5427	0.272	0.003	0.063	0.060	0.0115	0.035	0.046
2014	2	23	56711	20.667	379.942	-152.6833	0.287	0.043	0.063	0.060	0.0081	0.031	0.042
2014	2	24	56712	20.406	381.353	-153.8325	0.287	0.079	0.061	0.060	0.0072	0.027	0.036
2014	2	25	56713	19.586	382.709	-155.0436	0.291	0.120	0.063	0.063	0.0022	0.023	0.032
2014	2	26	56714	18.776	383.582	-156.3845	0.271	0.114	0.068	0.063	0.0054	0.029	0.038
2014	2	27	56715	18.820	384.179	-157.9347	0.244	0.094	0.074	0.066	0.0048	0.037	0.046
2014	2	28	56716	19.274	385.242	-159.7391	0.216	0.068	0.074	0.067	0.0029	0.045	0.053
2014	3	1	56717	19.841	386.558	-161.6963	0.223	0.068	0.070	0.063	0.0075	0.045	0.053
2014	3	2	56718	20.229	387.859	-163.7004	0.241	0.076	0.070	0.063	0.0067	0.041	0.051
2014	3	3	56719	20.440	389.343	-165.6640	0.255	0.080	0.123	0.123	0.0078	0.038	0.047
2014	3	4	56720	20.479	390.843	-167.5271	0.260	0.082	0.065	0.056	0.0026	0.034	0.044
2014	3	5	56721	20.391	391.998	-169.2176	0.287	0.070	0.063	0.054	0.0074	0.042	0.060
2014	3	6	56722	20.407	392.940	-170.7396	0.317	0.054	0.059	0.054	0.0080	0.056	0.081
2014	3	7	56723	20.307	393.997	-172.1130	0.348	0.039	0.068	0.061	0.0058	0.071	0.102
2014	3	8	56724	20.124	395.068	-173.3490	0.360	0.020	0.077	0.067	0.0097	0.071	0.095
2014	3	9	56725	19.881	396.125	-174.4791	0.364	0.002	0.067	0.063	0.0053	0.064	0.078
2014	3	10	56726	19.532	396.915	-175.5600	0.333	-0.009	0.054	0.059	0.0050	0.049	0.064
2014	3	11	56727	19.307	397.995	-176.6225	0.312	-0.015	0.049	0.059	0.0055	0.036	0.047
2014	3	12	56728	19.487	399.097	-177.6624	0.281	-0.020	0.048	0.066	0.0026	0.029	0.038
2014	3	13	56729	20.326	400.186	-178.7710	0.276	0.030	0.059	0.069	0.0041	0.033	0.043
2014	3	14	56730	21.470	401.233	-179.9750	0.274	0.091	0.066	0.072	0.0027	0.041	0.054
2014	3	15	56731	22.536	402.424	-181.2403	0.255	0.118	0.067	0.075	0.0062	0.044	0.058
2014	3	16	56732	23.611	403.661	-182.5144	0.228	0.127	0.067	0.076	0.0089	0.045	0.060
2014	3	17	56733	24.471	404.936	-183.7860	0.189	0.133	0.073	0.086	0.0083	0.045	0.060
2014	3	18	56734	24.892	405.583	-185.0368	0.168	0.128	0.070	0.086	0.0037	0.046	0.062
2014	3	19	56735	25.396	405.970	-186.2549	0.267	0.307	0.061	0.077	0.0088	0.088	0.076
2014	3	20	56736	26.182	406.487	-187.4422	0.394	0.514	0.064	0.076	0.0087	0.141	0.091
2014	3	21	56737	27.434	407.106	-188.5777	0.510	0.693	0.073	0.077	0.0118	0.193	0.106
2014	3	22	56738	28.319	408.424	-189.6834	0.529	0.615	0.064	0.069	0.0133	0.172	0.094
2014	3	23	56739	29.456	409.785	-190.8270	0.496	0.424	0.062	0.063	0.0080	0.124	0.072
2014	3	24	56740	30.870	411.294	-192.0415	0.408	-0.027	0.049	0.051	0.0078	0.039	0.053
2014	3	25	56741	32.294	412.629	-193.3480	0.364	-0.046	0.046	0.045	0.0022	0.022	0.028
2014	3	26	56742	33.618	414.145	-194.7922	0.334	-0.032	0.059	0.052	0.0086	0.016	0.023
2014	3	27	56743	35.069	415.154	-196.3878	0.300	0.002	0.059	0.056	0.0075	0.015	0.023
2014	3	28	56744	36.794	415.987	-198.0989	0.262	0.051	0.064	0.056	0.0023	0.013	0.023
2014	3	29	56745	38.524	416.876	-199.8809	0.210	0.074	0.069	0.059	0.0063	0.023	0.023
2014	3	30	56746	40.416	418.052	-201.6754	0.158	0.095	0.064	0.062	0.0102	0.036	0.024
2014	3	31	56747	42.240	419.457	-203.4060	0.171	0.083	0.053	0.057	0.0095	0.029	0.039
2014	4	1	56748	43.607	420.940	-205.0077	0.165	0.100	0.058	0.056	0.0023	0.033	0.044
2014	4	2	56749	44.731	422.505	-206.4734	0.149	0.156	0.064	0.065	0.0053	0.069	0.033
2014	4	3	56750	45.490	423.828	-207.8192	0.180	0.166	0.064	0.065	0.0092	0.334	0.142
2014	4	4	56751	45.979	424.932	-209.0728	0.254	0.110	0.065	0.061	0.0069	0.174	0.076
2014	4	5	56752	46.374	425.656	-210.2805	0.322	0.091	0.068	0.060	0.0079	0.070	0.035
2014	4	6	56753	46.842	426.321	-211.4745	0.377	0.088	0.071	0.065	0.0079	0.055	0.033
2014	4	7	56754	47.736	426.413	-212.6716	0.403	0.081	0.067	0.070	0.0068	0.039	0.031
2014	4	8	56755	49.174	427.200	-213.8681	0.434	0.071	0.063	0.067	0.0018	0.024	0.029
2014	4	9	56756	50.711	428.221	-215.0826	0.430	0.044	0.066	0.066	0.0071	0.039	0.033
2014	4	10	56757	52.168	429.049	-216.3479	0.407	0.016	0.069	0.066	0.0050	0.062	0.039
2014	4	11	56758	53.250	429.803	-217.6742	0.369	-0.010	0.068	0.063	0.0066	0.086	0.045
2014	4	12	56759	54.234	430.495	-219.0704	0.361	-0.029	0.068	0.066	0.0055	0.078	0.041
2014	4	13	56760	54.922	430.829	-220.5171	0.356	-0.041	0.064	0.069	0.0059	0.058	0.034
2014	4	14	56761	55.815	431.117	-221.9822	0.362	-0.059	0.062	0.069	0.0064	0.060	0.077
2014	4	15	56762	56.685	432.066	-223.4228	0.324	-0.051	0.063	0.067	0.0019	0.022	0.028
2014	4	16	56763	57.372	432.707	-224.7319	0.190	-0.073	0.059	0.060	0.0008	0.022	0.033
2014	4	17	56764	58.285	433.345	-225.9407	0.134	-0.076	0.059	0.053	0.0082	0.025	0.038
2014	4	18	56765	59.603	434.397	-227.1293	0.121	-0.069	0.062	0.064	0.0066	0.025	0.037
2014	4	19	56766	60.277	435.889	-228.3317	0.120	-0.061	0.062	0.071	0.0073	0.025	0.037
2014	4	20	56767	61.059	436.854	-229.5651	0.129	-0.053	0.071	0.067	0.0071	0.025	0.036
2014	4	21	56768	62.226	437.949	-230.8723	0.171	-0.056	0.067	0.064	0.0089	0.032	0.034
2014	4	22	56769	63.815	438.636	-232.3122	0.188	-0.046	0.060	0.064	0.0086	0.032	0.033
2014	4	23	56770	65.292	439.387	-233.9073	0.398	-0.026	0.061	0.064	0.0035	0.039	0.051
2014	4	24	56771	66.921	439.872	-235.6245	0.336	-0.021	0.056	0.064	0.0095	0.034	0.045
2014	4	25	56772	68.585	440.441	-237.4787	0.243	-0.017	0.055	0.068	0.0052	0.027	0.037
2014	4	26	56773	70.307	441.005	-239.4521	0.232	-0.013	0.064	0.071	0.0081	0.033	0.035
2014	4	27	56774	71.805	441.748	-241.4476	0.253	-0.008	0.059	0.067	0.0087	0.043	0.037
2014	4	28	56775	72.999	442.322	-243.3329	0.238	-0.026	0.059	0.066	0.0080	0.041	0.028
2014	4	29	56776	74.344	442.647	-245.0400	0.226	-0.030	0.060	0.066	0.0057	0.046	0.026
2014	4	30	56777	76.138	442.770	-246.5381	0.330	-0.006	0.063	0.057	0.0050	0.062	0.040
2014	5	1	56778	78.006	443.141	-247.8474	0.005	0.001	0.057	0.053	0.0095	0.092	0.075
2014	5	2	56779	79.752	443.556	-249.0245	0.005	0.001	0.054	0.060	0.0073	0.099	0.087
2014	5	3	56780	81.711	443.986	-250.1213	0.005	0.001	0.053	0.059	0.0072	0.099	0.087
2014	5	4	56781	83.804	444.551	-251.2088	0.005	0.001	0.049	0.052	0.0081	0.099	0.087
2014	5	5	56782	85.264	444.867	-252.3436	0.005	0.001	0.053	0.055	0.0064	0.098	0.087
2014	5	6	56783	86.218	444.993	-253.5523	0.005	0.001	0.052	0.058	0.0057	0.098	0.087
2014	5	7	56784	87.407	445.508	-254.8052	0.318	-0.053	0.049	0.058	0.0073	0.036	0.016
2014	5	8	56785	88.971	446.127	-256.1005	0.217	-0.046	0.054	0.059	0.0044	0.035	0.016
2014	5	9	56786	90.412	446.742	-257.5155	0.005	0.001	0.054	0.056	0.0051	0.067	0.052
2014	5	10	56787	91.516	446.842	-258.9546	0.005	0.001	0.051	0.053	0.0053	0.098	0.087
2014	5	11	56788	93.120	446.733	-260.4017	0.005	0.001	0.051	0.055	0.0069	0.098	0.087
2014	5	12	56789	95.450	446.666	-261.8137	0.226	-0.102	0.049	0.059	0.0063	0.037	0.016
2014	5	13	56790	97.759	447.045	-263.1202	0.005	0.001	0.048	0.057	0.0053	0.068	0.052
2014	5	14	56791	99.823	447.537	-264.2922	0.212	-0.125	0.052	0.055	0.0048	0.037	0.016
2014	5	15	56792	101.336	447.890	-265.4011	0.199	-0.135	0.064	0.062	0.0065	0.038	0.016
2014	5	16	56793	102.754	448.019	-266.4293	0.189	-0.145	0.060	0.062	0.0043	0.038	0.016
2014	5	17	56794	103.945	448.045	-267.4262	0.182	-0.155	0.053	0.058	0.0062	0.038	0.016
2014	5	18	56795	104.918	447.989	-268.4641	0.178	-0.166	0.052	0.057	0.0082	0.039	0.016
2014	5	19	56796	105.841	447.812	-269.6075	0.192	-0.189	0.053	0.058	0.0069	0.039	0.016
2014	5	20	56797	107.248	447.607	-270.8827	0.180	-0.172	0.049	0.051	0.0054	0.041	0.018
2014	5	21	56798	108.980	447.694	-272.2910	0.202	-0.165	0.049	0.050	0.0088	0.045	0.021
2014	5	22	56799	110.853	448.038	-273.7805	0.209	-0.144	0.056	0.058	0.0080	0.049	0.024
2014	5	23	56800	112.173	448.259	-275.2375	0.213	-0.121	0.055	0.061	0.0094	0.053	0.028
2014	5	24	56801	113.670	448.052	-276.6382	0.005	0.001	0.054	0.066	0.0109	0.087	0.072
2014	5	25	56802	115.159	447.697	-277.9007	0.005	0.001	0.047	0.054	0.0091	0.099	0.088
2014	5	26	56803	116.710	446.969	-279.0132	0.005	0.001	0.043	0.046	0.0079	0.098	0.088
2014	5	27	56804	118.078	446.331	-279.9330	0.005	0.001	0.047	0.052	0.0074	0.098	0.088
2014	5	28	56805	120.155	445.405	-280.7038	0.332	-0.116	0.055	0.056	0.0071	0.064	0.031
2014	5	29	56806	122.766	444.958	-281.3650	0.373	-0.130	0.059	0.058	0.0081	0.066	0.031
2014	5	30	56807	125.429	444.163	-281.8336	0.418	-0.148	0.055	0.053	0.0068	0.068	0.032
2014	5	31	56808	127.750	443.530	-282.2270	0.006	0.001	0.051	0.046	0.0111	0.090	0.071
2014	6	1	56809	129.382	442.906	-282.6153	0.005	0.001	0.047	0.041	0.0105	0.098	0.085
2014	6	2	56810	130.672	441.904	-283.0498	0.005	0.001	0.046	0.046	0.0105	0.097	0.087
2014	6	3	56811	131.670	440.946	-283.4950	0.005	0.001	0.048	0.055	0.0101	0.097	0.087
2014	6	4	56812	133.002	439.682	-283.9822	0.005	0.001	0.049	0.052	0.0102	0.083	0.071
2014	6	5	56813	134.479	438.899	-284.5849	0.005	0.001	0.056	0.052	0.0097	0.097	0.085
2014	6	6	56814	136.334	437.847	-285.2332	0.005	0.001	0.055	0.055	0.0087	0.097	0.085
2014	6	7	56815	138.475	437.411	-285.9436	0.005	0.001	0.055	0.057	0.0082	0.097	0.085
2014	6	8	56816	140.267	436.583	-286.6815	0.005	0.001	0.060	0.061	0.0094	0.097	0.085
2014	6	9	56817	142.193	435.883	-287.4153	0.005	0.001	0.054	0.053	0.0122	0.096	0.084
2014	6	10	56818	143.900	435.273	-288.0883	0.005	0.001	0.045	0.045	0.0106	0.096	0.084
2014	6	11	56819	145.742	434.729	-288.7605	0.180	-0.179	0.045	0.045	0.0063	0.038	0.042
2014	6	12	56820	147.475	434.263	-289.3970	0.005	0.001	0.048	0.046	0.0064	0.082	0.085
2014	6	13	56821	149.117	433.486	-290.0595	0.006	0.001	0.049	0.045	0.0056	0.094	0.097
2014	6	14	56822	150.723	432.699	-290.6988	0.006	0.001	0.054	0.050	0.0100	0.094	0.097
2014	6	15	56823	152.515	431.573	-291.4264	0.005	0.001	0.064	0.070	0.0104	0.094	0.097
2014	6	16	56824	154.208	430.685	-292.2607	0.006	0.001	0.046	0.056	0.0085	0.097	0.085
2014	6	17	56825	155.920	430.008	-293.2405	0.006	0.001	0.049	0.058	0.0067	0.097	0.085
2014	6	18	56826	157.288	429.487	-294.3619	0.095	-0.091	0.057	0.057	0.0068	0.045	0.019
2014	6	19	56827	158.508	428.886	-295.5058	0.006	0.002	0.058	0.056	0.0079	0.086	0.070
2014	6	20	56828	159.865	428.145	-296.6766	0.006	0.002	0.052	0.057	0.0153	0.097	0.083
2014	6	21	56829	160.944	427.272	-297.7464	0.006	0.001	0.051	0.062	0.0075	0.097	0.083
2014	6	22	56830	161.869	426.250	-298.6589	0.006	0.002	0.053	0.061	0.0098	0.097	0.083
2014	6	23	56831	163.248	425.126	-299.4144	0.006	0.001	0.047	0.046	0.0083	0.097	0.084
2014	6	24	56832	164.735	423.900	-299.9730	0.006	0.001	0.046	0.049	0.0068	0.097	0.084
2014	6	25	56833	166.018	422.594	-300.3881	0.139	-0.190	0.047	0.055	0.0054	0.025	0.033
2014	6	26	56834	166.820	421.456	-300.7136	0.142	-0.200	0.046	0.052	0.0075	0.025	0.033
2014	6	27	56835	167.441	420.226	-300.8724	0.145	-0.210	0.045	0.054	0.0071	0.025	0.033
2014	6	28	56836	168.132	419.090	-301.0209	0.148	-0.220	0.045	0.054	0.0071	0.024	0.032
2014	6	29	56837	168.884	417.834	-301.2590	0.152	-0.229	0.046	0.049	0.0122	0.024	0.032
2014	6	30	56838	169.659	416.477	-301.5202	0.235	-0.362	0.046	0.039	0.0099	0.023	0.031
2014	7	1	56839	170.584	414.989	-301.8256	0.221	-0.347	0.047	0.037	0.0065	0.023	0.030
2014	7	2	56840	171.897	413.791	-302.2262	0.203	-0.318	0.050	0.048	0.0091	0.023	0.032
2014	7	3	56841	173.223	412.770	-302.6986	0.171	-0.272	0.049	0.055	0.0049	0.022	0.031
2014	7	4	56842	174.571	411.718	-303.2319	0.145	-0.247	0.048	0.055	0.0097	0.022	0.031
2014	7	5	56843	175.531	410.939	-303.7737	0.124	-0.234	0.047	0.055	0.0136	0.022	0.030
2014	7	6	56844	176.357	409.851	-304.2749	0.108	-0.226	0.048	0.054	0.0143	0.022	0.029
2014	7	7	56845	177.000	408.770	-304.7022	0.097	-0.245	0.046	0.054	0.0130	0.022	0.028
2014	7	8	56846	177.602	407.704	-305.0522	0.093	-0.245	0.043	0.051	0.0036	0.023	0.029
2014	7	9	56847	178.395	406.780	-305.3516	0.119	-0.230	0.043	0.050	0.0088	0.027	0.034
2014	7	10	56848	179.056	405.874	-305.6398	0.153	-0.213	0.043	0.047	0.0084	0.033	0.039
2014	7	11	56849	180.057	404.783	-305.9670	0.189	-0.199	0.044	0.046	0.0032	0.037	0.045
2014	7	12	56850	181.119	403.702	-306.3817	0.195	-0.203	0.043	0.047	0.0086	0.037	0.046
2014	7	13	56851	182.012	402.757	-306.9373	0.187	-0.214	0.043	0.042	0.0108	0.036	0.045
2014	7	14	56852	182.718	401.707	-307.6573	0.175	-0.226	0.044	0.038	0.0127	0.034	0.044
2014	7	15	56853	183.180	400.689	-308.5126	0.160	-0.236	0.044	0.040	0.0038	0.032	0.043
2014	7	16	56854	183.578	399.236	-309.4310	0.158	-0.217	0.044	0.047	0.0113	0.032	0.043
2014	7	17	56855	184.160	397.875	-310.3337	0.158	-0.191	0.090	0.050	0.0135	0.033	0.043
2014	7	18	56856	184.393	396.245	-311.1583	0.159	-0.165	0.056	0.061	0.0046	0.029	0.037
2014	7	19	56857	185.396	394.560	-311.8707	0.147	-0.169	0.056	0.062	0.0062	0.027	0.034
2014	7	20	56858	186.468	393.196	-312.4329	0.133	-0.187	0.052	0.061	0.0119	0.023	0.030
2014	7	21	56859	187.772	391.859	-312.8114	0.122	-0.207	0.050	0.060	0.0102	0.019	0.025
2014	7	22	56860	188.751	391.101	-313.0149	0.115	-0.226	0.050	0.057	0.0025	0.015	0.021
2014	7	23	56861	189.336	390.017	-313.1042	0.139	-0.245	0.051	0.056	0.0064	0.024	0.032
2014	7	24	56862	189.637	389.282	-313.1364	0.170	-0.261	0.051	0.055	0.0092	0.035	0.047
2014	7	25	56863	190.011	388.124	-313.1554	0.199	-0.275	0.056	0.057	0.0052	0.047	0.062
2014	7	26	56864	190.393	387.082	-313.1873	0.203	-0.265	0.057	0.062	0.0064	0.045	0.060
2014	7	27	56865	190.973	385.955	-313.2671	0.193	-0.247	0.061	0.066	0.0082	0.039	0.051
2014	7	28	56866	192.002	384.965	-313.4241	0.175	-0.229	0.064	0.066	0.0089	0.032	0.043
2014	7	29	56867	193.130	383.992	-313.6739	0.150	-0.214	0.060	0.066	0.0025	0.025	0.034
2014	7	30	56868	194.146	382.915	-314.0308	0.100	-0.210	0.054	0.059	0.0063	0.045	0.052
2014	7	31	56869	194.693	381.746	-314.4661	0.043	-0.211	0.053	0.054	0.0079	0.068	0.072
2014	8	1	56870	195.492	380.224	-314.9180	-0.011	-0.216	0.054	0.061	0.0046	0.090	0.092
2014	8	2	56871	196.059	379.053	-315.3221	-0.026	-0.244	0.050	0.064	0.0091	0.094	0.120
2014	8	3	56872	196.656	377.635	-315.6532	-0.020	-0.282	0.050	0.057	0.0122	0.125	0.176
2014	8	4	56873	197.587	376.138	-315.9237	-0.008	-0.314	0.032	0.051	0.0120	0.157	0.232
2014	8	5	56874	198.589	374.538	-316.1087	0.009	-0.340	0.028	0.052	0.0058	0.189	0.288
2014	8	6	56875	199.846	373.215	-316.2337	0.012	-0.319	0.040	0.054	0.0101	0.159	0.244
2014	8	7	56876	201.159	372.190	-316.2889	0.008	-0.285	0.044	0.053	0.0124	0.117	0.170
2014	8	8	56877	202.153	371.221	-316.4059	0.004	-0.244	0.052	0.053	0.0052	0.074	0.097
2014	8	9	56878	203.137	370.129	-316.6604	0.002	-0.206	0.053	0.051	0.0155	0.299	0.414
2014	8	10	56879	204.271	369.117	-317.0662	-0.002	-0.167	0.049	0.052	0.0096	0.621	0.876
2014	8	11	56880	205.468	368.306	-317.6599	-0.047	-0.138	0.043	0.052	0.0081	0.992	1.355
2014	8	12	56881	206.550	367.611	-318.3990	-0.065	-0.107	0.046	0.045	0.0203	1.331	1.822
2014	8	13	56882	207.368	366.875	-319.2062	-0.084	-0.095	0.045	0.042	0.0110	1.038	1.446
2014	8	14	56883	207.974	366.035	-320.0319	-0.093	-0.103	0.042	0.045	0.0084	0.603	0.837
2014	8	15	56884	208.833	364.879	-320.7940	-0.096	-0.121	0.038	0.045	0.0045	0.167	0.229
2014	8	16	56885	209.661	363.515	-321.4326	-0.074	-0.160	0.037	0.047	0.0088	0.043	0.056
2014	8	17	56886	210.175	362.120	-321.9427	-0.040	-0.207	0.039	0.050	0.0068	0.034	0.044
2014	8	18	56887	210.355	360.764	-322.3478	-0.004	-0.253	0.043	0.050	0.0052	0.024	0.032
2014	8	19	56888	210.028	359.301	-322.6678	0.032	-0.293	0.044	0.050	0.0014	0.015	0.021
2014	8	20	56889	209.735	357.770	-322.8885	0.032	-0.272	0.044	0.043	0.0064	0.023	0.035
2014	8	21	56890	209.563	356.134	-323.0546	0.017	-0.229	0.044	0.040	0.0131	0.035	0.056
2014	8	22	56891	209.708	354.414	-323.2201	-0.001	-0.178	0.041	0.040	0.0077	0.048	0.078
2014	8	23	56892	209.551	352.545	-323.4237	0.002	-0.161	0.040	0.038	0.0074	0.044	0.071
2014	8	24	56893	209.543	350.682	-323.6530	0.006	-0.147	0.044	0.046	0.0104	0.035	0.055
2014	8	25	56894	209.475	348.842	-323.9004	0.015	-0.140	0.045	0.049	0.0080	0.025	0.039
2014	8	26	56895	209.267	346.963	-324.2013	0.023	-0.138	0.045	0.055	0.0019	0.016	0.023
2014	8	27	56896	209.107	344.999	-324.5978	0.043	-0.110	0.045	0.056	0.0091	0.032	0.048
2014	8	28	56897	208.963	342.830	-325.0736	0.063	-0.082	0.045	0.047	0.0061	0.056	0.085
2014	8	29	56898	209.048	340.905	-325.5686	0.079	-0.068	0.093	0.037	0.0031	0.080	0.122
2014	8	30	56899	209.434	339.465	-326.0477	0.079	-0.093	0.141	0.040	0.0068	0.075	0.115
2014	8	31	56900	209.552	338.224	-326.5573	0.069	-0.137	0.092	0.049	0.0066	0.059	0.091
2014	9	1	56901	209.588	336.861	-327.0923	0.054	-0.184	0.045	0.049	0.0071	0.048	0.067
2014	9	2	56902	209.660	335.219	-327.6247	0.034	-0.240	0.045	0.046	0.0081	0.031	0.043
2014	9	3	56903	209.254	333.379	-328.1455	0.011	-0.293	0.046	0.050	0.0025	0.014	0.019
2014	9	4	56904	209.037	331.518	-328.6822	-0.023	-0.355	0.050	0.053	0.0089	0.021	0.030
2014	9	5	56905	209.082	329.809	-329.2906	-0.059	-0.410	0.054	0.053	0.0053	0.036	0.050
2014	9	6	56906	209.238	328.265	-330.0434	-0.078	-0.440	0.050	0.050	0.0118	0.037	0.054
2014	9	7	56907	209.075	326.903	-330.9869	-0.089	-0.448	0.050	0.050	0.0100	0.034	0.051
2014	9	8	56908	208.594	325.623	-332.1229	-0.076	-0.421	0.051	0.050	0.0101	0.029	0.048
2014	9	9	56909	207.951	324.033	-333.3963	-0.087	-0.403	0.047	0.050	0.0035	0.026	0.045
2014	9	10	56910	207.098	322.101	-334.6955	-0.194	-0.425	0.050	0.052	0.0057	0.026	0.045
2014	9	11	56911	205.714	319.840	-335.8990	-0.318	-0.445	0.054	0.052	0.0080	0.027	0.045
2014	9	12	56912	204.830	317.418	-336.9328	-0.427	-0.456	0.054	0.051	0.0031	0.029	0.044
2014	9	13	56913	203.746	315.472	-337.7885	-0.426	-0.412	0.050	0.048	0.0097	0.031	0.044
2014	9	14	56914	203.351	313.633	-338.4975	-0.371	-0.343	0.047	0.039	0.0123	0.032	0.042
2014	9	15	56915	203.062	312.329	-339.1027	-0.294	-0.265	0.046	0.040	0.0107	0.035	0.044
2014	9	16	56916	202.703	310.813	-339.6742	-0.207	-0.192	0.048	0.049	0.0033	0.036	0.043
2014	9	17	56917	201.975	309.541	-340.2700	-0.129	-0.175	0.049	0.047	0.0096	0.059	0.086
2014	9	18	56918	201.157	308.055	-340.9300	-0.056	-0.175	0.043	0.043	0.0067	0.088	0.142
2014	9	19	56919	200.493	306.730	-341.6089	0.010	-0.178	0.047	0.043	0.0033	0.117	0.198
2014	9	20	56920	199.681	304.945	-342.3237	0.012	-0.179	0.048	0.048	0.0170	0.107	0.180
2014	9	21	56921	198.904	303.294	-343.0803	-0.016	-0.178	0.095	0.097	0.0081	0.082	0.135
2014	9	22	56922	198.190	301.444	-343.9067	-0.051	-0.184	0.054	0.042	0.0050	0.054	0.087
2014	9	23	56923	197.758	299.623	-344.8263	-0.093	-0.182	0.054	0.045	0.0014	0.027	0.039
2014	9	24	56924	196.669	297.934	-345.7492	-0.114	-0.175	0.049	0.048	0.0075	0.031	0.035
2014	9	25	56925	196.285	296.429	-346.6943	-0.128	-0.164	0.049	0.044	0.0093	0.040	0.035
2014	9	26	56926	195.452	295.342	-347.5866	-0.138	-0.149	0.051	0.045	0.0142	0.049	0.036
2014	9	27	56927	194.323	294.143	-348.3859	-0.142	-0.132	0.051	0.047	0.0198	0.058	0.036
2014	9	28	56928	193.133	293.124	-349.1545	-0.139	-0.113	0.051	0.048	0.0097	0.067	0.037
2014	9	29	56929	192.137	291.848	-349.8722	-0.014	-0.142	0.049	0.048	0.0072	0.012	0.015
2014	9	30	56930	190.868	290.407	-350.5718	0.012	-0.146	0.046	0.045	0.0014	0.009	0.011
2014	10	1	56931	189.323	288.870	-351.2794	-0.005	-0.183	0.042	0.046	0.0166	0.012	0.016
2014	10	2	56932	187.956	287.386	-352.0541	-0.115	-0.116	0.044	0.045	0.0082	0.074	0.043
2014	10	3	56933	186.389	286.356	-352.9071	-0.121	-0.146	0.047	0.044	0.0103	0.067	0.046
2014	10	4	56934	184.585	285.100	-354.0090	-0.130	-0.180	0.046	0.047	0.0068	0.060	0.048
2014	10	5	56935	182.947	283.920	-355.3203	-0.144	-0.217	0.117	0.120	0.0075	0.053	0.051
2014	10	6	56936	180.779	282.637	-356.7873	-0.161	-0.256	0.166	0.156	0.0072	0.046	0.054
2014	10	7	56937	178.546	281.129	-358.3098	-0.181	-0.296	0.152	0.093	0.0023	0.039	0.057
2014	10	8	56938	176.423	279.499	-359.9090	0.006	0.001	0.156	0.093	0.0062	0.084	0.082
2014	10	9	56939	174.485	277.995	-361.4646	0.006	0.001	0.155	0.127	0.0104	0.096	0.088
2014	10	10	56940	172.103	276.889	-362.8205	0.006	0.001	0.121	0.133	0.0089	0.096	0.088
2014	10	11	56941	169.489	275.710	-363.9987	0.006	0.001	0.065	0.153	0.0142	0.096	0.088
2014	10	12	56942	167.093	274.277	-365.0981	0.006	0.001	0.078	0.143	0.0077	0.096	0.088
2014	10	13	56943	164.890	272.948	-366.0845	-0.255	-0.206	0.040	0.045	0.0077	0.090	0.054
2014	10	14	56944	163.203	271.598	-367.0167	-0.280	-0.207	0.037	0.045	0.0075	0.099	0.053
2014	10	15	56945	161.813	270.633	-367.9266	-0.230	-0.181	0.038	0.042	0.0262	0.046	0.068
2014	10	16	56946	160.357	269.562	-368.8523	-0.254	-0.169	0.041	0.039	0.0105	0.040	0.059
2014	10	17	56947	158.884	268.422	-369.8265	-0.264	-0.149	0.041	0.040	0.0127	0.034	0.050
2014	10	18	56948	157.651	267.426	-370.7948	-0.259	-0.123	0.042	0.047	0.0085	0.028	0.041
2014	10	19	56949	156.177	266.392	-371.8466	-0.242	-0.094	0.043	0.051	0.0052	0.022	0.032
2014	10	20	56950	154.958	265.161	-373.0119	-0.200	-0.064	0.041	0.050	0.0051	0.017	0.027
2014	10	21	56951	153.574	264.153	-374.2853	-0.180	-0.036	0.040	0.048	0.0013	0.010	0.017
2014	10	22	56952	152.558	263.215	-375.6440	-0.193	-0.039	0.040	0.043	0.0130	0.015	0.024
2014	10	23	56953	151.228	262.577	-377.0165	-0.214	-0.052	0.041	0.043	0.0087	0.022	0.036
2014	10	24	56954	149.374	261.563	-378.3068	-0.234	-0.069	0.042	0.040	0.0094	0.029	0.047
2014	10	25	56955	147.315	260.313	-379.4935	-0.249	-0.087	0.041	0.042	0.0154	0.037	0.058
2014	10	26	56956	144.800	259.081	-380.5876	-0.257	-0.103	0.041	0.049	0.0343	0.044	0.070
2014	10	27	56957	142.599	257.845	-381.6146	-0.257	-0.140	0.092	0.040	0.0168	0.068	0.110
2014	10	28	56958	140.679	257.127	-382.5948	-0.253	-0.132	0.160	0.043	0.0025	0.064	0.098
2014	10	29	56959	138.887	256.743	-383.6041	-0.248	-0.132	0.054	0.051	0.0067	0.055	0.084
2014	10	30	56960	137.040	256.321	-384.6753	-0.245	-0.130	0.052	0.045	0.0117	0.051	0.076
2014	10	31	56961	134.912	256.031	-385.8180	-0.238	-0.123	0.053	0.048	0.0147	0.046	0.068
2014	11	1	56962	132.543	255.442	-387.1212	-0.226	-0.113	0.051	0.050	0.0091	0.041	0.060
2014	11	2	56963	130.232	254.603	-388.6438	-0.210	-0.100	0.052	0.049	0.0048	0.037	0.053
2014	11	3	56964	128.111	253.639	-390.3200	-0.164	-0.106	0.054	0.054	0.0065	0.031	0.043
2014	11	4	56965	126.579	253.032	-392.0232	-0.167	-0.073	0.054	0.055	0.0020	0.028	0.037
2014	11	5	56966	125.141	253.027	-393.6596	-0.159	-0.058	0.051	0.046	0.0061	0.036	0.038
2014	11	6	56967	123.815	253.026	-395.1745	-0.152	-0.049	0.048	0.042	0.0104	0.047	0.040
2014	11	7	56968	122.208	252.696	-396.5413	-0.152	-0.043	0.045	0.040	0.0069	0.057	0.041
2014	11	8	56969	120.656	252.119	-397.7463	-0.160	-0.042	0.047	0.043	0.0071	0.068	0.043
2014	11	9	56970	118.629	251.863	-398.7699	-0.174	-0.044	0.047	0.051	0.0085	0.078	0.045
2014	11	10	56971	116.099	251.414	-399.6746	-0.161	-0.002	0.046	0.053	0.0086	0.051	0.050
2014	11	11	56972	113.500	251.104	-400.5178	-0.151	-0.007	0.050	0.051	0.0024	0.041	0.054
2014	11	12	56973	111.312	251.020	-401.3658	-0.162	-0.024	0.048	0.043	0.0046	0.039	0.054
2014	11	13	56974	110.003	251.216	-402.2707	-0.177	-0.044	0.048	0.042	0.0055	0.038	0.052
2014	11	14	56975	108.964	251.454	-403.2264	-0.186	-0.065	0.049	0.045	0.0037	0.037	0.050
2014	11	15	56976	107.343	251.845	-404.2241	-0.188	-0.083	0.045	0.045	0.0062	0.036	0.048
2014	11	16	56977	105.169	252.103	-405.2751	-0.184	-0.098	0.048	0.045	0.0058	0.035	0.046
2014	11	17	56978	103.098	252.264	-406.4355	-0.152	-0.102	0.048	0.044	0.0044	0.035	0.044
2014	11	18	56979	101.176	252.904	-407.6894	-0.153	-0.110	0.045	0.045	0.0016	0.035	0.042
2014	11	19	56980	98.823	253.529	-408.9491	-0.169	-0.115	0.044	0.045	0.0065	0.044	0.057
2014	11	20	56981	96.626	253.739	-410.1760	-0.188	-0.116	0.042	0.043	0.0082	0.058	0.076
2014	11	21	56982	94.796	254.068	-411.3379	-0.202	-0.111	0.039	0.039	0.0072	0.071	0.094
2014	11	22	56983	93.033	254.309	-412.4443	-0.210	-0.102	0.041	0.041	0.0066	0.085	0.113
2014	11	23	56984	91.069	254.329	-413.5151	-0.210	-0.090	0.041	0.041	0.0080	0.098	0.132
2014	11	24	56985	89.517	254.009	-414.5452	-0.188	-0.085	0.038	0.041	0.0068	0.111	0.152
2014	11	25	56986	88.570	253.867	-415.5369	-0.187	-0.063	0.038	0.041	0.0023	0.124	0.171
2014	11	26	56987	87.552	254.012	-416.5109	-0.183	-0.036	0.041	0.041	0.0047	0.120	0.161
2014	11	27	56988	86.952	254.412	-417.5503	-0.178	-0.006	0.041	0.041	0.0117	0.112	0.140
2014	11	28	56989	86.367	255.252	-418.7293	-0.175	0.026	0.037	0.037	0.0138	0.104	0.120
2014	11	29	56990	85.070	256.037	-420.0746	-0.175	0.058	0.032	0.033	0.0103	0.097	0.100
2014	11	30	56991	83.120	256.681	-421.5228	-0.177	0.089	0.032	0.033	0.0085	0.089	0.079
2014	12	1	56992	80.978	257.672	-423.0186	-0.181	0.114	0.040	0.042	0.0066	0.081	0.059
2014	12	2	56993	78.981	258.716	-424.4887	-0.189	0.140	0.044	0.045	0.0055	0.073	0.038
2014	12	3	56994	76.898	259.439	-425.8803	-0.208	0.163	0.041	0.040	0.0071	0.074	0.035
2014	12	4	56995	74.791	259.882	-427.2193	-0.228	0.181	0.037	0.037	0.0105	0.078	0.036
2014	12	5	56996	73.083	260.106	-428.4417	-0.242	0.190	0.037	0.035	0.0115	0.081	0.037
2014	12	6	56997	72.034	260.884	-429.5356	-0.249	0.191	0.034	0.035	0.0045	0.084	0.038
2014	12	7	56998	70.757	261.940	-430.5244	-0.246	0.182	0.034	0.037	0.0060	0.088	0.039
2014	12	8	56999	69.469	262.554	-431.4891	-0.267	0.035	0.037	0.039	0.0055	0.105	0.138
2014	12	9	57000	67.567	263.597	-432.4693	-0.256	0.006	0.033	0.036	0.0070	0.118	0.154
2014	12	10	57001	65.145	264.300	-433.4848	-0.233	-0.030	0.034	0.036	0.0035	0.125	0.167
2014	12	11	57002	62.825	265.096	-434.5401	-0.198	0.007	0.041	0.039	0.0098	0.133	0.168
2014	12	12	57003	60.561	266.065	-435.7065	-0.160	0.063	0.041	0.039	0.0055	0.142	0.164
2014	12	13	57004	58.293	267.322	-436.9431	-0.128	0.123	0.037	0.040	0.0068	0.151	0.159
2014	12	14	57005	55.679	268.340	-438.1812	-0.103	0.190	0.037	0.040	0.0064	0.160	0.155
2014	12	15	57006	52.986	269.413	-439.3885	-0.122	0.214	0.038	0.037	0.0084	0.093	0.161
2014	12	16	57007	50.226	270.617	-440.6630	-0.100	0.248	0.038	0.033	0.0036	0.084	0.159
2014	12	17	57008	47.395	271.695	-441.9529	-0.120	0.242	0.038	0.036	0.0136	0.037	0.069
2014	12	18	57009	44.864	272.181	-443.2099	-0.154	0.216	0.038	0.039	0.0072	0.035	0.064
2014	12	19	57010	43.407	272.545	-444.3914	-0.188	0.180	0.038	0.039	0.0085	0.034	0.059
2014	12	20	57011	42.148	273.277	-445.4715	-0.216	0.136	0.038	0.039	0.0049	0.033	0.054
2014	12	21	57012	40.840	273.577	-446.4582	-0.236	0.087	0.041	0.039	0.0032	0.031	0.049
2014	12	22	57013	39.590	273.952	-447.3857	-0.226	0.051	0.046	0.040	0.0048	0.054	0.057
2014	12	23	57014	38.666	274.210	-448.3507	-0.239	-0.009	0.043	0.040	0.0021	0.032	0.041
2014	12	24	57015	37.870	274.918	-449.4138	-0.250	-0.031	0.039	0.036	0.0106	0.031	0.044
2014	12	25	57016	37.163	275.526	-450.5837	-0.254	-0.036	0.035	0.033	0.0200	0.036	0.050
2014	12	26	57017	36.199	276.339	-451.8828	-0.250	-0.033	0.034	0.035	0.0179	0.041	0.057
2014	12	27	57018	35.254	276.908	-453.3158	-0.237	-0.023	0.038	0.038	0.0101	0.045	0.064
2014	12	28	57019	34.671	277.735	-454.8478	-0.217	-0.006	0.038	0.036	0.0061	0.051	0.071
2014	12	29	57020	34.235	278.643	-456.3905	-0.194	0.012	0.038	0.037	0.0047	0.054	0.076
2014	12	30	57021	33.509	279.530	-457.7323	-0.163	0.032	0.038	0.041	0.0016	0.056	0.078
2014	12	31	57022	32.209	280.349	-458.8866	-0.179	0.075	0.039	0.047	0.0227	0.054	0.073
2015	1	1	57023	30.755	280.757	-459.9090	-0.221	0.130	0.040	0.048	0.0099	0.054	0.076
2015	1	2	57024	29.642	281.240	-460.8087	-0.255	0.175	0.035	0.041	0.0190	0.056	0.079
2015	1	3	57025	28.927	281.584	-461.6065	-0.282	0.208	0.032	0.043	0.0194	0.058	0.082
2015	1	4	57026	28.695	282.072	-462.3302	-0.300	0.228	0.032	0.040	0.0072	0.059	0.085
2015	1	5	57027	28.436	282.760	-463.0077	-0.289	0.224	0.035	0.034	0.0080	0.058	0.087
2015	1	6	57028	27.924	283.523	-463.6688	-0.300	0.228	0.039	0.035	0.0030	0.060	0.090
2015	1	7	57029	27.100	284.477	-464.3162	-0.313	0.227	0.041	0.038	0.0092	0.062	0.085
2015	1	8	57030	25.860	285.475	-465.0833	-0.321	0.219	0.041	0.037	0.0123	0.066	0.080
2015	1	9	57031	24.611	286.017	-466.0035	-0.320	0.205	0.039	0.037	0.0056	0.069	0.075
2015	1	10	57032	23.566	286.671	-467.0502	-0.309	0.184	0.038	0.037	0.0079	0.072	0.070
2015	1	11	57033	22.566	287.813	-468.1697	-0.289	0.160	0.038	0.037	0.0052	0.075	0.065
2015	1	12	57034	21.554	288.794	-469.2848	-0.125	0.047	0.040	0.041	0.0038	0.044	0.063
2015	1	13	57035	20.380	289.829	-470.4109	-0.155	0.017	0.043	0.041	0.0063	0.029	0.043
2015	1	14	57036	18.920	290.885	-471.5388	-0.182	-0.012	0.046	0.040	0.0025	0.015	0.024
2015	1	15	57037	17.150	292.166	-472.6693	-0.180	-0.023	0.046	0.041	0.0064	0.013	0.023
2015	1	16	57038	15.039	293.614	-473.7919	-0.168	-0.026	0.047	0.041	0.0048	0.016	0.027
2015	1	17	57039	12.983	294.524	-474.8909	-0.156	-0.021	0.047	0.040	0.0056	0.018	0.031
2015	1	18	57040	10.821	295.287	-475.9600	-0.144	-0.011	0.043	0.040	0.0067	0.020	0.035
2015	1	19	57041	9.293	296.094	-477.0237	-0.144	0.130	0.039	0.042	0.0056	0.291	0.443
2015	1	20	57042	8.155	296.838	-478.1500	-0.133	0.128	0.044	0.041	0.0069	0.374	0.594
2015	1	21	57043	7.383	297.599	-479.3934	-0.120	0.132	0.047	0.041	0.0108	0.451	0.747
2015	1	22	57044	6.883	298.544	-480.7921	-0.135	0.121	0.047	0.038	0.0061	0.419	0.697
2015	1	23	57045	6.172	299.519	-482.3235	-0.156	0.105	0.043	0.027	0.0063	0.357	0.594
2015	1	24	57046	5.110	300.156	-483.8686	-0.177	0.085	0.039	0.030	0.0064	0.294	0.491
2015	1	25	57047	4.055	301.196	-485.4036	-0.195	0.063	0.033	0.040	0.0057	0.232	0.387
2015	1	26	57048	2.890	302.200	-486.7861	-0.218	0.023	0.034	0.040	0.0050	0.082	0.121
2015	1	27	57049	2.389	303.074	-488.0195	-0.217	0.018	0.044	0.041	0.0026	0.091	0.153
2015	1	28	57050	2.280	304.472	-489.0627	-0.190	0.062	0.046	0.041	0.0068	0.081	0.129
2015	1	29	57051	2.250	306.164	-489.9632	-0.156	0.113	0.042	0.040	0.0068	0.075	0.088
2015	1	30	57052	2.907	308.446	-490.8208	-0.113	0.164	0.043	0.040	0.0060	0.069	0.047
2015	1	31	57053	3.734	310.824	-491.6557	-0.110	0.172	0.051	0.042	0.0067	0.064	0.048
2015	2	1	57054	4.581	313.150	-492.5323	-0.117	0.159	0.050	0.041	0.0102	0.058	0.065
2015	2	2	57055	4.619	315.536	-493.4600	-0.114	0.135	0.048	0.041	0.0089	0.058	0.083
2015	2	3	57056	4.217	317.774	-494.4398	-0.121	0.121	0.049	0.042	0.0027	0.052	0.100
2015	2	4	57057	3.887	319.757	-495.5034	-0.103	0.144	0.045	0.038	0.0060	0.043	0.085
2015	2	5	57058	3.175	321.289	-496.6539	-0.081	0.187	0.045	0.037	0.0074	0.037	0.072
2015	2	6	57059	2.657	322.728	-497.8688	-0.058	0.225	0.049	0.041	0.0040	0.031	0.058
2015	2	7	57060	2.130	324.406	-499.1464	-0.068	0.258	0.045	0.040	0.0079	0.029	0.052
2015	2	8	57061	1.897	325.726	-500.4886	-0.088	0.280	0.046	0.041	0.0088	0.028	0.049
2015	2	9	57062	2.028	327.098	-501.8508	-0.106	0.285	0.045	0.027	0.0092	0.028	0.046
2015	2	10	57063	2.165	328.334	-503.1633	-0.121	0.290	0.041	0.027	0.0025	0.027	0.043
2015	2	11	57064	2.226	329.746	-504.3726	-0.110	0.248	0.041	0.042	0.0025	0.023	0.037
2015	2	12	57065	2.247	331.130	-505.5342	-0.088	0.188	0.045	0.042	0.0069	0.025	0.038
2015	2	13	57066	2.452	332.428	-506.7089	-0.062	0.123	0.049	0.041	0.0048	0.026	0.039
2015	2	14	57067	2.709	333.441	-507.8837	-0.023	0.078	0.049	0.041	0.0066	0.025	0.038
2015	2	15	57068	2.772	334.600	-509.0545	0.020	0.042	0.040	0.035	0.0062	0.023	0.037
2015	2	16	57069	2.853	335.660	-510.2619	0.056	0.012	0.033	0.029	0.0043	0.036	0.061
2015	2	17	57070	2.883	337.244	-511.5819	0.086	-0.001	0.034	0.029	0.0016	0.040	0.070
2015	2	18	57071	2.725	338.391	-513.0727	0.057	0.040	0.034	0.029	0.0048	0.035	0.060
2015	2	19	57072	2.801	339.634	-514.7414	0.009	0.100	0.034	0.029	0.0053	0.027	0.046
2015	2	20	57073	2.588	341.044	-516.5083	-0.043	0.161	0.034	0.029	0.0015	0.020	0.031
2015	2	21	57074	2.360	342.683	-518.2649	-0.058	0.184	0.034	0.029	0.0076	0.020	0.029
2015	2	22	57075	2.437	344.446	-519.9549	-0.056	0.184	0.033	0.029	0.0053	0.022	0.031
2015	2	23	57076	3.045	346.352	-521.5203	-0.049	0.153	0.033	0.030	0.0036	0.023	0.032
2015	2	24	57077	3.329	348.503	-522.8869	-0.038	0.146	0.034	0.030	0.0011	0.025	0.034
2015	2	25	57078	3.149	350.319	-524.0267	-0.010	0.205	0.033	0.030	0.0057	0.027	0.037
2015	2	26	57079	3.145	351.727	-525.0326	0.024	0.276	0.033	0.030	0.0035	0.029	0.039
2015	2	27	57080	3.314	353.155	-525.9483	0.056	0.337	0.032	0.030	0.0014	0.031	0.042
2015	2	28	57081	3.178	354.806	-526.8069	0.057	0.349	0.032	0.029	0.0067	0.031	0.042
2015	3	1	57082	3.156	356.584	-527.6805	0.046	0.332	0.032	0.029	0.0066	0.029	0.041
2015	3	2	57083	3.458	358.634	-528.5949	0.041	0.275	0.032	0.031	0.0060	0.028	0.040
2015	3	3	57084	3.877	360.608	-529.5678	0.025	0.230	0.033	0.031	0.0047	0.026	0.039
2015	3	4	57085	3.917	362.237	-530.6119	0.008	0.182	0.033	0.031	0.0013	0.025	0.039
2015	3	5	57086	4.230	363.714	-531.7172	0.022	0.172	0.033	0.031	0.0023	0.037	0.035
2015	3	6	57087	4.793	364.942	-532.8776	0.045	0.171	0.033	0.031	0.0044	0.054	0.030
2015	3	7	57088	4.982	366.149	-534.0912	0.040	0.166	0.033	0.031	0.0059	0.058	0.029
2015	3	8	57089	4.646	367.314	-535.3642	0.026	0.161	0.032	0.031	0.0057	0.057	0.029
2015	3	9	57090	4.016	368.176	-536.6752	0.036	0.117	0.033	0.031	0.0064	0.038	0.056
2015	3	10	57091	3.635	369.248	-538.0399	0.019	0.117	0.033	0.031	0.0026	0.041	0.059
2015	3	11	57092	3.397	370.481	-539.4279	0.029	0.120	0.033	0.031	0.0038	0.039	0.057
2015	3	12	57093	3.195	371.597	-540.8453	0.046	0.129	0.033	0.030	0.0059	0.037	0.054
2015	3	13	57094	2.938	372.683	-542.2514	0.065	0.146	0.033	0.031	0.0065	0.035	0.050
2015	3	14	57095	2.704	373.620	-543.6824	0.085	0.170	0.033	0.030	0.0055	0.032	0.046
2015	3	15	57096	2.816	374.562	-545.1996	0.106	0.199	0.033	0.031	0.0049	0.029	0.042
2015	3	16	57097	2.752	375.498	-546.8126	0.107	0.229	0.034	0.030	0.0071	0.027	0.038
2015	3	17	57098	2.856	376.461	-548.5493	0.148	0.268	0.034	0.030	0.0022	0.024	0.035
2015	3	18	57099	2.796	377.477	-550.4479	0.159	0.321	0.033	0.030	0.0141	0.023	0.034
2015	3	19	57100	3.449	378.369	-552.5349	0.157	0.368	0.034	0.030	0.0142	0.023	0.034
2015	3	20	57101	4.608	379.521	-554.7683	0.148	0.400	0.034	0.029	0.0126	0.023	0.034
2015	3	21	57102	6.233	381.247	-557.0533	0.132	0.414	0.034	0.030	0.0060	0.023	0.034
2015	3	22	57103	7.578	383.336	-559.2698	0.112	0.409	0.034	0.030	0.0058	0.022	0.034
2015	3	23	57104	8.506	385.223	-561.3227	0.063	0.286	0.036	0.030	0.0046	0.016	0.024
2015	3	24	57105	9.349	387.119	-563.2260	0.060	0.332	0.036	0.031	0.0013	0.019	0.028
2015	3	25	57106	10.087	388.563	-565.0037	0.060	0.330	0.034	0.030	0.0064	0.022	0.032
2015	3	26	57107	10.619	389.763	-566.6389	0.063	0.311	0.034	0.029	0.0059	0.023	0.033
2015	3	27	57108	10.896	390.956	-568.1216	0.068	0.288	0.034	0.029	0.0054	0.023	0.033
2015	3	28	57109	11.090	392.089	-569.5374	0.073	0.260	0.034	0.029	0.0050	0.025	0.034
2015	3	29	57110	11.489	393.192	-570.9323	0.079	0.229	0.034	0.030	0.0050	0.025	0.035
2015	3	30	57111	12.075	394.088	-572.3081	0.067	0.187	0.034	0.031	0.0035	0.027	0.035
2015	3	31	57112	12.636	395.246	-573.6728	0.081	0.164	0.034	0.031	0.0010	0.027	0.036
2015	4	1	57113	13.814	396.448	-575.0574	0.104	0.147	0.034	0.031	0.0074	0.027	0.037
2015	4	2	57114	15.711	397.891	-576.4211	0.130	0.135	0.034	0.031	0.0065	0.027	0.038
2015	4	3	57115	17.423	399.723	-577.7290	0.157	0.130	0.034	0.031	0.0063	0.027	0.039
2015	4	4	57116	18.500	401.621	-578.9797	0.183	0.127	0.034	0.031	0.0044	0.027	0.041
2015	4	5	57117	19.105	403.402	-580.1864	0.205	0.130	0.034	0.031	0.0043	0.027	0.042
2015	4	6	57118	19.610	404.809	-581.4080	0.212	0.123	0.034	0.032	0.0037	0.026	0.043
2015	4	7	57119	20.231	406.019	-582.6400	0.227	0.134	0.034	0.031	0.0023	0.026	0.044
2015	4	8	57120	20.889	406.981	-583.8834	0.236	0.139	0.034	0.031	0.0009	0.026	0.045
2015	4	9	57121	21.396	407.902	-585.1289	0.257	0.158	0.034	0.031	0.0067	0.027	0.046
2015	4	10	57122	21.484	409.253	-586.3971	0.273	0.172	0.033	0.031	0.0058	0.028	0.047
2015	4	11	57123	21.214	410.614	-587.7583	0.279	0.178	0.033	0.032	0.0067	0.029	0.047
2015	4	12	57124	21.077	411.629	-589.2570	0.277	0.173	0.034	0.032	0.0042	0.030	0.048
2015	4	13	57125	21.231	412.384	-590.8875	0.271	0.149	0.035	0.032	0.0045	0.030	0.048
2015	4	14	57126	21.504	413.173	-592.6606	0.252	0.133	0.035	0.032	0.0018	0.031	0.049
2015	4	15	57127	21.984	414.235	-594.5717	0.222	0.145	0.034	0.032	0.0114	0.037	0.053
2015	4	16	57128	23.260	415.286	-596.5752	0.203	0.157	0.034	0.032	0.0091	0.039	0.048
2015	4	17	57129	24.249	416.897	-598.5544	0.191	0.173	0.034	0.032	0.0070	0.041	0.043
2015	4	18	57130	25.259	417.826	-600.4260	0.186	0.194	0.034	0.032	0.0054	0.042	0.037
2015	4	19	57131	26.213	418.938	-602.1824	0.191	0.220	0.035	0.032	0.0043	0.044	0.032
2015	4	20	57132	27.135	419.679	-603.7251	0.237	0.286	0.036	0.033	0.0043	0.046	0.026
2015	4	21	57133	28.059	420.887	-605.0515	0.195	0.264	0.036	0.033	0.0017	0.023	0.027
2015	4	22	57134	28.918	421.705	-606.1778	0.006	0.000	0.035	0.033	0.0086	0.088	0.080
2015	4	23	57135	30.121	422.523	-607.1990	0.006	0.000	0.035	0.033	0.0115	0.106	0.093
2015	4	24	57136	31.183	423.842	-608.2036	0.006	0.001	0.035	0.033	0.0064	0.106	0.093
2015	4	25	57137	32.120	425.072	-609.2599	0.006	0.000	0.035	0.033	0.0075	0.106	0.093
2015	4	26	57138	33.575	426.234	-610.4274	0.006	0.000	0.035	0.033	0.0045	0.106	0.093
2015	4	27	57139	35.312	427.742	-611.6700	0.385	0.316	0.037	0.032	0.0052	0.118	0.081
2015	4	28	57140	36.872	429.298	-612.9818	0.434	0.344	0.037	0.032	0.0068	0.134	0.090
2015	4	29	57141	38.125	430.533	-614.3624	0.006	0.001	0.036	0.032	0.0175	0.090	0.084
2015	4	30	57142	38.966	431.518	-615.7623	0.006	0.000	0.036	0.033	0.0124	0.107	0.094
2015	5	1	57143	39.781	432.326	-617.1588	0.006	0.000	0.036	0.033	0.0152	0.107	0.094
2015	5	2	57144	40.069	433.221	-618.5129	0.006	0.000	0.035	0.033	0.0055	0.107	0.094
2015	5	3	57145	40.267	434.162	-619.7760	0.006	0.001	0.036	0.033	0.0046	0.107	0.094
2015	5	4	57146	40.784	435.528	-620.9585	0.006	0.001	0.036	0.033	0.0059	0.107	0.094
2015	5	5	57147	41.587	436.926	-622.0546	0.007	0.000	0.035	0.032	0.0077	0.107	0.094
2015	5	6	57148	42.275	438.301	-623.0705	0.007	0.001	0.035	0.032	0.0075	0.107	0.094
2015	5	7	57149	43.507	439.585	-624.1100	0.007	0.000	0.036	0.032	0.0085	0.107	0.094
2015	5	8	57150	45.120	440.863	-625.1744	0.007	0.000	0.036	0.032	0.0074	0.107	0.094
2015	5	9	57151	47.086	442.199	-626.2781	0.007	0.000	0.036	0.031	0.0095	0.107	0.094
2015	5	10	57152	49.063	443.566	-627.5189	0.006	0.001	0.134	0.096	0.0068	0.107	0.094
2015	5	11	57153	50.654	444.526	-628.9371	0.007	0.000	0.188	0.161	0.0058	0.107	0.094
2015	5	12	57154	52.231	445.088	-630.5652	0.007	0.001	0.171	0.211	0.0062	0.107	0.094
2015	5	13	57155	53.830	445.612	-632.3659	0.006	0.000	0.194	0.192	0.0100	0.107	0.094
2015	5	14	57156	55.528	446.052	-634.2239	0.006	0.001	0.172	0.160	0.0131	0.107	0.094
2015	5	15	57157	57.298	446.767	-636.1306	0.007	0.000	0.134	0.183	0.0121	0.107	0.094
2015	5	16	57158	59.140	447.090	-638.0000	0.006	0.000	0.161	0.179	0.0065	0.107	0.094
2015	5	17	57159	61.431	447.304	-639.7523	0.006	0.000	0.166	0.172	0.0103	0.107	0.094
2015	5	18	57160	63.791	448.129	-641.3238	0.007	0.000	0.094	0.130	0.0097	0.107	0.094
2015	5	19	57161	65.813	448.868	-642.7374	0.007	0.000	0.113	0.098	0.0087	0.107	0.094
2015	5	20	57162	67.932	449.192	-644.0759	0.007	0.000	0.144	0.089	0.0065	0.107	0.094
2015	5	21	57163	69.993	449.430	-645.2845	0.007	0.000	0.079	0.089	0.0059	0.107	0.094
2015	5	22	57164	71.843	449.538	-646.4019	0.007	0.001	0.073	0.149	0.0045	0.107	0.094
2015	5	23	57165	73.898	449.877	-647.4959	0.007	0.000	0.139	0.213	0.0076	0.107	0.094
2015	5	24	57166	75.756	450.659	-648.5486	0.007	0.000	0.139	0.165	0.0066	0.107	0.094
2015	5	25	57167	77.478	451.254	-649.5725	0.007	0.001	0.135	0.080	0.0097	0.107	0.094
2015	5	26	57168	79.255	452.011	-650.6093	0.007	0.000	0.158	0.101	0.0135	0.107	0.094
2015	5	27	57169	81.040	452.624	-651.6002	0.007	0.000	0.207	0.128	0.0124	0.107	0.094
2015	5	28	57170	83.120	453.196	-652.4611	0.007	0.001	0.538	0.269	0.0327	0.107	0.094
