                                                                BULLETIN B 320
                                        			7 Octobre 2014   
    
 Contents are described in ftp://hpiers.obspm.fr/iers/bul/bulb_new/bulletinb.pdf 
	
 1 - DAILY FINAL VALUES OF x, y, UT1-UTC, dX, dY
 Angular unit is milliarcsecond (mas), time unit is millisecond (ms). 
 Upgraded solution from February 1 2011 - consistent with ITRF 2008.
 
       DATE     MJD       x       y      UT1-UTC      dX     dY     x err    y err   UT1 err  X err  Y err
    (0 h UTC)            mas     mas       ms         mas    mas     mas      mas      ms     mas     mas

 Final values 

 Mean formal error      0.049    0.048    0.0084    0.215  0.301 
 
2014   8   2   56871  196.059  379.053 -315.3221   -0.026 -0.244    0.050    0.064    0.0091  0.094  0.120
2014   8   3   56872  196.656  377.635 -315.6532   -0.020 -0.282    0.050    0.057    0.0122  0.125  0.176
2014   8   4   56873  197.587  376.138 -315.9237   -0.008 -0.314    0.032    0.051    0.0120  0.157  0.232
2014   8   5   56874  198.589  374.538 -316.1087    0.009 -0.340    0.028    0.052    0.0058  0.189  0.288
2014   8   6   56875  199.846  373.215 -316.2337    0.012 -0.319    0.040    0.054    0.0101  0.159  0.244
2014   8   7   56876  201.159  372.190 -316.2889    0.008 -0.285    0.044    0.053    0.0124  0.117  0.170
2014   8   8   56877  202.153  371.221 -316.4059    0.004 -0.244    0.052    0.053    0.0052  0.074  0.097
2014   8   9   56878  203.137  370.129 -316.6604    0.002 -0.206    0.053    0.051    0.0155  0.299  0.414
2014   8  10   56879  204.271  369.117 -317.0662   -0.002 -0.167    0.049    0.052    0.0096  0.621  0.876
2014   8  11   56880  205.468  368.306 -317.6599   -0.047 -0.138    0.043    0.052    0.0081  0.992  1.355
2014   8  12   56881  206.550  367.611 -318.3990   -0.065 -0.107    0.046    0.045    0.0203  1.331  1.822
2014   8  13   56882  207.368  366.875 -319.2062   -0.084 -0.095    0.045    0.042    0.0110  1.038  1.446
2014   8  14   56883  207.974  366.035 -320.0319   -0.093 -0.103    0.042    0.045    0.0084  0.603  0.837
2014   8  15   56884  208.833  364.879 -320.7940   -0.096 -0.121    0.038    0.045    0.0045  0.167  0.229
2014   8  16   56885  209.661  363.515 -321.4326   -0.074 -0.160    0.037    0.047    0.0088  0.043  0.056
2014   8  17   56886  210.175  362.120 -321.9427   -0.040 -0.207    0.039    0.050    0.0068  0.034  0.044
2014   8  18   56887  210.355  360.764 -322.3478   -0.004 -0.253    0.043    0.050    0.0052  0.024  0.032
2014   8  19   56888  210.028  359.301 -322.6678    0.032 -0.293    0.044    0.050    0.0014  0.015  0.021
2014   8  20   56889  209.735  357.770 -322.8885    0.032 -0.272    0.044    0.043    0.0064  0.023  0.035
2014   8  21   56890  209.563  356.134 -323.0546    0.017 -0.229    0.044    0.040    0.0131  0.035  0.056
2014   8  22   56891  209.708  354.414 -323.2201   -0.001 -0.178    0.041    0.040    0.0077  0.048  0.078
2014   8  23   56892  209.551  352.545 -323.4237    0.002 -0.161    0.040    0.038    0.0074  0.044  0.071
2014   8  24   56893  209.543  350.682 -323.6530    0.006 -0.147    0.044    0.046    0.0104  0.035  0.055
2014   8  25   56894  209.475  348.842 -323.9004    0.015 -0.140    0.045    0.049    0.0080  0.025  0.039
2014   8  26   56895  209.267  346.963 -324.2013    0.023 -0.138    0.045    0.055    0.0019  0.016  0.023
2014   8  27   56896  209.107  344.999 -324.5978    0.043 -0.110    0.045    0.056    0.0091  0.032  0.048
2014   8  28   56897  208.963  342.830 -325.0736    0.063 -0.082    0.045    0.047    0.0061  0.056  0.085
2014   8  29   56898  209.048  340.905 -325.5686    0.079 -0.068    0.093    0.037    0.0031  0.080  0.122
2014   8  30   56899  209.434  339.465 -326.0477    0.079 -0.093    0.141    0.040    0.0068  0.075  0.115
2014   8  31   56900  209.552  338.224 -326.5573    0.069 -0.137    0.092    0.049    0.0066  0.059  0.091
2014   9   1   56901  209.588  336.861 -327.0923    0.054 -0.184    0.045    0.049    0.0071  0.048  0.067

 Preliminary extension 
2014   9   2   56902  209.656  335.225 -327.6247    0.034 -0.240    0.045    0.046    0.0081  0.031  0.043
2014   9   3   56903  209.241  333.388 -328.1455    0.011 -0.293    0.046    0.050    0.0025  0.014  0.019
2014   9   4   56904  209.031  331.530 -328.6822   -0.023 -0.355    0.050    0.053    0.0089  0.021  0.030
2014   9   5   56905  209.067  329.820 -329.2906   -0.059 -0.410    0.054    0.053    0.0053  0.036  0.050
2014   9   6   56906  209.235  328.276 -330.0434   -0.078 -0.440    0.050    0.050    0.0118  0.037  0.054
2014   9   7   56907  209.061  326.913 -330.9869   -0.089 -0.448    0.050    0.050    0.0100  0.034  0.051
2014   9   8   56908  208.596  325.632 -332.1229   -0.076 -0.421    0.051    0.050    0.0101  0.029  0.048
2014   9   9   56909  207.937  324.042 -333.3963   -0.087 -0.403    0.047    0.050    0.0035  0.026  0.045
2014   9  10   56910  207.095  322.113 -334.6954   -0.194 -0.423    0.051    0.053    0.0058  0.026  0.044
2014   9  11   56911  205.703  319.851 -335.8990   -0.318 -0.444    0.055    0.052    0.0081  0.027  0.044
2014   9  12   56912  204.822  317.431 -336.9328   -0.427 -0.456    0.055    0.052    0.0031  0.029  0.044
2014   9  13   56913  203.732  315.483 -337.7885   -0.426 -0.412    0.051    0.049    0.0097  0.030  0.043
2014   9  14   56914  203.346  313.642 -338.4975   -0.371 -0.344    0.048    0.039    0.0125  0.032  0.042
2014   9  15   56915  203.045  312.330 -339.1067   -0.297 -0.269    0.049    0.042    0.0133  0.033  0.041
2014   9  16   56916  202.700  310.828 -339.6751   -0.208 -0.192    0.051    0.052    0.0038  0.035  0.040
2014   9  17   56917  201.955  309.543 -340.2662   -0.129 -0.178    0.051    0.052    0.0098  0.058  0.081
2014   9  18   56918  201.155  308.066 -340.9174   -0.054 -0.181    0.048    0.050    0.0063  0.086  0.133
2014   9  19   56919  200.475  306.735 -341.6038    0.015 -0.187    0.052    0.048    0.0032  0.114  0.186
2014   9  20   56920  199.678  304.958 -342.3407    0.006  0.001    0.053    0.050    0.0190  0.100  0.113
2014   9  21   56921  198.886  303.298 -343.0790    0.006  0.001    0.102    0.102    0.0141  0.092  0.080
2014   9  22   56922  198.212  301.460 -343.9177    0.006  0.001    0.147    0.129    0.0127  0.092  0.080
2014   9  23   56923  197.729  299.632 -344.8055    0.006  0.001    0.117    0.104    0.0104  0.092  0.080
2014   9  24   56924  196.682  297.969 -345.7161    0.006  0.001    0.092    0.114    0.0077  0.092  0.080
2014   9  25   56925  196.232  296.434 -346.7136    0.006  0.001    0.129    0.114    0.0101  0.092  0.080
2014   9  26   56926  195.420  295.351 -347.6027    0.006  0.001    0.223    0.117    0.0154  0.092  0.080
2014   9  27   56927  194.270  294.128 -348.3615    0.006  0.001    0.248    0.113    0.0225  0.092  0.080
2014   9  28   56928  193.133  293.132 -349.1586    0.006  0.001    0.188    0.125    0.0139  0.092  0.080
2014   9  29   56929  192.113  291.838 -349.8747    0.006  0.001    0.177    0.155    0.0113  0.092  0.080
2014   9  30   56930  190.905  290.419 -350.5678    0.006  0.001    0.199    0.149    0.0101  0.092  0.080
2014  10   1   56931  189.302  288.880 -351.3069    0.006  0.001    0.129    0.158    0.0171  0.092  0.080
 
	
 2 - DAILY FINAL VALUES OF CELESTIAL POLE OFFSETS dPsi1980 & dEps1980
  dPsi1980   dEps1980 ....dPsi,dEps / IAU 1980 precession-nutation model      
 Description : ftp://hpiers.obspm.fr/iers/bul/bulb_new/bulletinb.pdf
 The Reference Systems are described in the 2006 IERS Annual Report.
 
       DATE     MJD    dPsi1980   dEps1980  sig dPsi  sig dEps   
    (0 h UTC)             mas        mas      mas       mas   

2014   8   2   56871   -89.887   -13.833     0.236     0.120
2014   8   3   56872   -90.064   -13.907     0.315     0.176
2014   8   4   56873   -90.703   -13.983     0.395     0.232
2014   8   5   56874   -91.421   -13.991     0.474     0.288
2014   8   6   56875   -91.805   -13.874     0.400     0.244
2014   8   7   56876   -91.761   -13.779     0.294     0.170
2014   8   8   56877   -91.568   -13.802     0.187     0.097
2014   8   9   56878   -91.521   -13.852     0.751     0.414
2014   8  10   56879   -91.708   -13.750     1.562     0.876
2014   8  11   56880   -92.105   -13.535     2.494     1.355
2014   8  12   56881   -92.347   -13.397     3.346     1.822
2014   8  13   56882   -92.467   -13.422     2.609     1.446
2014   8  14   56883   -92.651   -13.449     1.515     0.837
2014   8  15   56884   -93.048   -13.358     0.421     0.229
2014   8  16   56885   -93.367   -13.286     0.109     0.056
2014   8  17   56886   -93.287   -13.396     0.085     0.044
2014   8  18   56887   -92.876   -13.653     0.061     0.032
2014   8  19   56888   -92.553   -13.882     0.038     0.021
2014   8  20   56889   -92.656   -13.929     0.058     0.035
2014   8  21   56890   -92.934   -13.880     0.089     0.056
2014   8  22   56891   -93.051   -13.814     0.120     0.078
2014   8  23   56892   -92.876   -13.740     0.111     0.071
2014   8  24   56893   -92.643   -13.562     0.087     0.055
2014   8  25   56894   -92.534   -13.328     0.064     0.039
2014   8  26   56895   -92.610   -13.188     0.041     0.023
2014   8  27   56896   -92.756   -13.210     0.081     0.048
2014   8  28   56897   -92.842   -13.358     0.141     0.085
2014   8  29   56898   -92.764   -13.496     0.201     0.122
2014   8  30   56899   -92.615   -13.580     0.188     0.115
2014   8  31   56900   -92.608   -13.637     0.148     0.091
2014   9   1   56901   -92.897   -13.710     0.120     0.067

 
 3 - EARTH ANGULAR VELOCITY : DAILY FINAL VALUES OF LOD, OMEGA AT 0hUTC
 
 LOD     : Excess of the Length of day - 86400 s TAI 
 OMEGA   : Earth angular velocity  
 Description: ftp://hpiers.obspm.fr/iers/bul/bulb_new/bulletinb.pdf
 
    DATE        MJD     LOD     sigma      OMEGA           sigma        
 (0 h UTC)              ms       ms        mas/ms          mas/ms

2014   8   2   56871  0.3478  0.0106  15.04106711812    0.00000000185 
2014   8   3   56872  0.2844  0.0105  15.04106712916    0.00000000183 
2014   8   4   56873  0.2234  0.0101  15.04106713978    0.00000000176 
2014   8   5   56874  0.1660  0.0102  15.04106714977    0.00000000178 
2014   8   6   56875  0.0981  0.0106  15.04106716159    0.00000000185 
2014   8   7   56876  0.0444  0.0109  15.04106717094    0.00000000190 
2014   8   8   56877  0.1436  0.0103  15.04106715367    0.00000000179 
2014   8   9   56878  0.3298  0.0098  15.04106712126    0.00000000171 
2014   8  10   56879  0.4803  0.0099  15.04106709506    0.00000000172 
2014   8  11   56880  0.6307  0.0097  15.04106706887    0.00000000169 
2014   8  12   56881  0.7513  0.0093  15.04106704788    0.00000000162 
2014   8  13   56882  0.8270  0.0092  15.04106703470    0.00000000160 
2014   8  14   56883  0.8146  0.0093  15.04106703686    0.00000000162 
2014   8  15   56884  0.6881  0.0095  15.04106705888    0.00000000165 
2014   8  16   56885  0.5603  0.0099  15.04106708113    0.00000000172 
2014   8  17   56886  0.4528  0.0099  15.04106709984    0.00000000172 
2014   8  18   56887  0.3616  0.0104  15.04106711572    0.00000000181 
2014   8  19   56888  0.2524  0.0106  15.04106713473    0.00000000185 
2014   8  20   56889  0.1935  0.0091  15.04106714498    0.00000000158 
2014   8  21   56890  0.1592  0.0087  15.04106715096    0.00000000151 
2014   8  22   56891  0.1612  0.0095  15.04106715061    0.00000000165 
2014   8  23   56892  0.2217  0.0102  15.04106714008    0.00000000178 
2014   8  24   56893  0.2419  0.0108  15.04106713656    0.00000000188 
2014   8  25   56894  0.2416  0.0101  15.04106713661    0.00000000176 
2014   8  26   56895  0.3364  0.0105  15.04106712011    0.00000000183 
2014   8  27   56896  0.4450  0.0106  15.04106710120    0.00000000185 
2014   8  28   56897  0.4697  0.0105  15.04106709690    0.00000000183 
2014   8  29   56898  0.4805  0.0102  15.04106709502    0.00000000178 
2014   8  30   56899  0.4905  0.0100  15.04106709328    0.00000000174 
2014   8  31   56900  0.4982  0.0106  15.04106709194    0.00000000185 
2014   9   1   56901  0.5358  0.0105  15.04106708539    0.00000000183 


 4 - INFORMATION ON TIME SCALES 
     
     TAI - UTC = 35 s.         during period [56871-56901]

     No leap second introduced during period [56871-56901]

     All information concerning time scales : 
	 - leap seconds announcements : Bulletin C 
	 - DUT1 announcements (UT1-UTC with 0.1 s accuracy) : Bulletin D
      can be found at : 
         - web site : http://hpiers.obspm.fr/eop-pc/
         - anonymous ftp : hpiers.obspm.fr/iers/ or 145.238.100.28


 5 - SUMMARY OF CONTRIBUTED EARTH ORIENTATION PARAMETERS SERIES
 This section gives the average precision of the individual series, some of them
 contributing to the combination (*) and their average agreement with it. 
 The period covered is that one of Bulletin B. 
 
    Units :  micro-arc-seconds for x/y/dX/dY        micro-seconds for UT1/LOD
-----------------------------------------------------------------------------
  EOP series             first line  : Mean  formal  uncertainty
  Periods covered        second line : Weighted RMS agreement with Bulletin B
-----------------------------------------------------------------------------
                                x     y    UT1   LOD   dX    dY   Data Number		

 VLBI Standards

 AUS       
 aus00007.eops                 96    88     4     -    86    81       8
 56874.21 to 56898.27         199   300    12     -    62   166

 BKG       
 bkg00014.eops                109   119     4     -    77    69       9
 56874.21 to 56898.27         111   131     8     -   110    60

 GSFC      
 gsf2014a.eops                 89    90     3    11    63    57       9
 56874.21 to 56898.27          83    56     8    19    89    34

 IAA       
 iaa2007a.eops                 93    84     4     -    68    67       8
 56874.21 to 56898.27         170   110    14     -    98    27

 USNO      
 usn2014.eops                  73    74     3     -    70    68       8
 56874.21 to 56898.27         145   140     8     -    25    53

 IVS      *
 ivs07r1e.eops                142    96     6     -    55   146       8
 56874.21 to 56898.27          24   131     4     -     6     6


 VLBI Intensive

 BKG      *
 bkgint09.eopi                  -     -    11     -     -     -      30
 56871.33 to 56900.33           -     -    23     -     -     -

 GSFC     *
 gsf2014a.eopi                  -     -    16     -     -     -      32
 56871.33 to 56900.33           -     -    28     -     -     -

 IAA      *
 iaa2005a.eopi                  -     -    24     -     -     -      21
 56873.31 to 56898.80           -     -    23     -     -     -

 PUL       
 pul2010a.eopi                  -     -    24     -     -     -      22
 56873.31 to 56898.80           -     -    18     -     -     -

 USNO     *
 usn2014.eopi                   -     -    16     -     -     -      32
 56871.33 to 56900.33           -     -    26     -     -     -


 GPS

 CODE      
 cod*.erp                       6     6     -     0     -     -      30
 56871.50 to 56900.50          18    22     -     6     -     -

 JPL       
 jpl*.erp                       8     8     -     5     -     -      30
 56871.50 to 56900.50          25    21     -    14     -     -

 GFZ       
 gfz*.erp                       6     6     -     1     -     -      30
 56871.50 to 56900.50          21    26     -     6     -     -

 ESOC      
 esa*.erp                       8     9     -     3     -     -      30
 56871.50 to 56900.50          18    16     -     5     -     -

 NOAA      
 ngs*.erp                       2     3     -     0     -     -      30
 56871.50 to 56900.50          46    73     -    12     -     -

 SIO       
 sio*.erp siu*.erp             23    21     -     7     -     -      30
 56871.50 to 56900.50          18    22     -     8     -     -

 EMR       
 emr*.erp                      29    29     -     8     -     -      30
 56871.50 to 56900.50          26    31     -    17     -     -

 IAA       
 gps_iaa_*.eop                  5     5     -     0     -     -      30
 56871.50 to 56900.50          38    45     -    16     -     -

 MIT       
 mit*.erp                      11    11     -     1     -     -      30
 56871.50 to 56900.50          20    17     -     6     -     -

 IGR      *
 igs96p02.erp                  19    19     -     3     -     -      30
 56871.50 to 56900.50          18    16     -     6     -     -

 IGS      *
 igs00p03.erp                   6     7     -     1     -     -      30
 56871.50 to 56900.50          12     7     -     7     -     -


 SLR

 MCC       
 tg*.02                       139   169     -    23     -     -      26
 56872.00 to 56901.00         146   151     -   240     -     -

 IAA       
 slr_iaa_*.eop                 43    47     -     2     -     -      31
 56871.00 to 56901.00         184   168     -    26     -     -

 CGS       
 asi*.eop                      52    56     -    12     -     -      30
 56871.50 to 56900.50         168   130     -    36     -     -

 ILRS     *
 ilrsa.eop                     44    48     -     9     -     -      30
 56871.50 to 56900.50         129   114     -    23     -     -


 BULLETIN A

 NEOS      
 mark3.out                     25    21     5     -     -     -      31
 56871.00 to 56901.00          20    11    11     -     -     -

To unsubscribe : http://hpiers.obspm.fr/eop-pc/products/bulletins/bulletin_registration.html