                                                                BULLETIN B 317
                                        			1 July 2014   
    
 Contents are described in ftp://hpiers.obspm.fr/iers/bul/bulb_new/bulletinb.pdf 
	
 1 - DAILY FINAL VALUES OF x, y, UT1-UTC, dX, dY
 Angular unit is milliarcsecond (mas), time unit is millisecond (ms). 
 Upgraded solution from February 1 2011 - consistent with ITRF 2008.
 
       DATE     MJD       x       y      UT1-UTC      dX     dY     x err    y err   UT1 err  X err  Y err
    (0 h UTC)            mas     mas       ms         mas    mas     mas      mas      ms     mas     mas

 Final values 

 Mean formal error      0.052    0.055    0.0072    0.068  0.049 
 
2014   5   2   56779   79.752  443.556 -249.0245    0.005  0.001    0.054    0.060    0.0073  0.099  0.087
2014   5   3   56780   81.711  443.986 -250.1213    0.005  0.001    0.053    0.059    0.0072  0.099  0.087
2014   5   4   56781   83.804  444.551 -251.2088    0.005  0.001    0.049    0.052    0.0081  0.099  0.087
2014   5   5   56782   85.264  444.867 -252.3436    0.005  0.001    0.053    0.055    0.0064  0.098  0.087
2014   5   6   56783   86.218  444.993 -253.5523    0.005  0.001    0.052    0.058    0.0057  0.098  0.087
2014   5   7   56784   87.407  445.508 -254.8052    0.318 -0.053    0.049    0.058    0.0073  0.036  0.016
2014   5   8   56785   88.971  446.127 -256.1005    0.217 -0.046    0.054    0.059    0.0044  0.035  0.016
2014   5   9   56786   90.412  446.742 -257.5155    0.005  0.001    0.054    0.056    0.0051  0.067  0.052
2014   5  10   56787   91.516  446.842 -258.9546    0.005  0.001    0.051    0.053    0.0053  0.098  0.087
2014   5  11   56788   93.120  446.733 -260.4017    0.005  0.001    0.051    0.055    0.0069  0.098  0.087
2014   5  12   56789   95.450  446.666 -261.8137    0.226 -0.102    0.049    0.059    0.0063  0.037  0.016
2014   5  13   56790   97.759  447.045 -263.1202    0.005  0.001    0.048    0.057    0.0053  0.068  0.052
2014   5  14   56791   99.823  447.537 -264.2922    0.212 -0.125    0.052    0.055    0.0048  0.037  0.016
2014   5  15   56792  101.336  447.890 -265.4011    0.199 -0.135    0.064    0.062    0.0065  0.038  0.016
2014   5  16   56793  102.754  448.019 -266.4293    0.189 -0.145    0.060    0.062    0.0043  0.038  0.016
2014   5  17   56794  103.945  448.045 -267.4262    0.182 -0.155    0.053    0.058    0.0062  0.038  0.016
2014   5  18   56795  104.918  447.989 -268.4641    0.178 -0.166    0.052    0.057    0.0082  0.039  0.016
2014   5  19   56796  105.841  447.812 -269.6075    0.192 -0.189    0.053    0.058    0.0069  0.039  0.016
2014   5  20   56797  107.248  447.607 -270.8827    0.180 -0.172    0.049    0.051    0.0054  0.041  0.018
2014   5  21   56798  108.980  447.694 -272.2910    0.202 -0.165    0.049    0.050    0.0088  0.045  0.021
2014   5  22   56799  110.853  448.038 -273.7805    0.209 -0.144    0.056    0.058    0.0080  0.049  0.024
2014   5  23   56800  112.173  448.259 -275.2375    0.213 -0.121    0.055    0.061    0.0094  0.053  0.028
2014   5  24   56801  113.670  448.052 -276.6382    0.005  0.001    0.054    0.066    0.0109  0.087  0.072
2014   5  25   56802  115.159  447.697 -277.9007    0.005  0.001    0.047    0.054    0.0091  0.099  0.088
2014   5  26   56803  116.710  446.969 -279.0132    0.005  0.001    0.043    0.046    0.0079  0.098  0.088
2014   5  27   56804  118.078  446.331 -279.9330    0.005  0.001    0.047    0.052    0.0074  0.098  0.088
2014   5  28   56805  120.155  445.405 -280.7038    0.332 -0.116    0.055    0.056    0.0071  0.064  0.031
2014   5  29   56806  122.766  444.958 -281.3650    0.373 -0.130    0.059    0.058    0.0081  0.066  0.031
2014   5  30   56807  125.429  444.163 -281.8336    0.418 -0.148    0.055    0.053    0.0068  0.068  0.032
2014   5  31   56808  127.750  443.530 -282.2270    0.006  0.001    0.051    0.046    0.0111  0.090  0.071
2014   6   1   56809  129.382  442.906 -282.6153    0.005  0.001    0.047    0.041    0.0105  0.098  0.085

 Preliminary extension 
2014   6   2   56810  130.672  441.900 -283.0498    0.005  0.001    0.046    0.046    0.0105  0.097  0.087
2014   6   3   56811  131.670  440.951 -283.4950    0.005  0.001    0.048    0.055    0.0101  0.097  0.087
2014   6   4   56812  133.002  439.678 -283.9810    0.005  0.001    0.049    0.053    0.0101  0.097  0.087
2014   6   5   56813  134.480  438.904 -284.5862    0.005  0.001    0.055    0.053    0.0096  0.097  0.087
2014   6   6   56814  136.334  437.842 -285.2327    0.005  0.001    0.055    0.056    0.0087  0.097  0.087
2014   6   7   56815  138.475  437.416 -285.9443    0.005  0.001    0.055    0.058    0.0081  0.097  0.087
2014   6   8   56816  140.267  436.578 -286.6815    0.005  0.001    0.059    0.062    0.0093  0.097  0.087
2014   6   9   56817  142.193  435.889 -287.4153    0.005  0.001    0.056    0.058    0.0122  0.097  0.087
2014   6  10   56818  143.900  435.268 -288.0883    0.005  0.001    0.046    0.049    0.0106  0.097  0.087
2014   6  11   56819  145.741  434.725 -288.7420    0.006  0.002    0.045    0.048    0.0053  0.097  0.087
2014   6  12   56820  147.475  434.271 -289.3988    0.005  0.001    0.049    0.049    0.0065  0.097  0.087
2014   6  13   56821  149.116  433.477 -290.0591    0.006  0.001    0.050    0.048    0.0056  0.097  0.087
2014   6  14   56822  150.723  432.709 -290.6987    0.006  0.001    0.055    0.054    0.0099  0.097  0.087
2014   6  15   56823  152.517  431.564 -291.4264    0.005  0.001    0.066    0.075    0.0103  0.097  0.087
2014   6  16   56824  154.229  430.685 -292.2610    0.006  0.001    0.066    0.131    0.0085  0.097  0.087
2014   6  17   56825  155.926  430.003 -293.2408    0.006  0.001    0.100    0.154    0.0067  0.097  0.087
2014   6  18   56826  157.283  429.487 -294.3727    0.006  0.001    0.157    0.129    0.0057  0.097  0.087
2014   6  19   56827  158.502  428.886 -295.5055    0.006  0.002    0.133    0.115    0.0081  0.097  0.087
2014   6  20   56828  159.867  428.163 -296.6773    0.006  0.002    0.071    0.129    0.0154  0.097  0.087
2014   6  21   56829  160.961  427.269 -297.7467    0.006  0.001    0.100    0.185    0.0075  0.097  0.087
2014   6  22   56830  161.863  426.273 -298.6591    0.006  0.002    0.110    0.174    0.0098  0.097  0.087
2014   6  23   56831  163.277  425.146 -299.4155    0.006  0.001    0.119    0.082    0.0084  0.097  0.087
2014   6  24   56832  164.740  423.905 -299.9727    0.006  0.001    0.152    0.078    0.0069  0.097  0.087
2014   6  25   56833  166.027  422.574 -300.3879    0.006  0.001    0.157    0.107    0.0055  0.097  0.087
2014   6  26   56834  166.835  421.422 -300.7107    0.006  0.001    0.142    0.121    0.0075  0.097  0.087
2014   6  27   56835  167.452  420.206 -300.8689    0.006  0.001    0.184    0.158    0.0068  0.097  0.087
2014   6  28   56836  168.155  419.041 -301.0266    0.006  0.002    0.341    0.166    0.0072  0.097  0.087
2014   6  29   56837  168.883  417.868 -301.2787    0.006  0.001    0.272    0.109    0.0123  0.097  0.087
2014   6  30   56838  169.694  416.443 -301.5252    0.006  0.001    0.095    0.054    0.0076  0.097  0.087
2014   7   1   56839  170.478  415.044 -301.8381    0.006  0.002    0.204    0.111    0.0150  0.097  0.087
 
	
 2 - DAILY FINAL VALUES OF CELESTIAL POLE OFFSETS dPsi1980 & dEps1980
  dPsi1980   dEps1980 ....dPsi,dEps / IAU 1980 precession-nutation model      
 Description : ftp://hpiers.obspm.fr/iers/bul/bulb_new/bulletinb.pdf
 The Reference Systems are described in the 2006 IERS Annual Report.
 
       DATE     MJD    dPsi1980   dEps1980  sig dPsi  sig dEps   
    (0 h UTC)             mas        mas      mas       mas   

2014   5   2   56779   -79.626   -13.708     0.248     0.087
2014   5   3   56780   -79.656   -13.624     0.248     0.087
2014   5   4   56781   -79.732   -13.697     0.248     0.087
2014   5   5   56782   -79.747   -13.890     0.247     0.087
2014   5   6   56783   -79.648   -14.075     0.247     0.087
2014   5   7   56784   -78.690   -14.204     0.090     0.016
2014   5   8   56785   -78.815   -14.178     0.089     0.016
2014   5   9   56786   -79.388   -14.101     0.168     0.052
2014   5  10   56787   -79.641   -14.105     0.247     0.087
2014   5  11   56788   -80.029   -14.083     0.247     0.087
2014   5  12   56789   -79.832   -14.061     0.092     0.016
2014   5  13   56790   -80.589   -13.769     0.170     0.052
2014   5  14   56791   -80.090   -13.802     0.094     0.016
2014   5  15   56792   -80.037   -13.948     0.095     0.016
2014   5  16   56793   -79.951   -14.252     0.095     0.016
2014   5  17   56794   -79.897   -14.479     0.096     0.016
2014   5  18   56795   -79.950   -14.453     0.097     0.016
2014   5  19   56796   -80.126   -14.234     0.098     0.016
2014   5  20   56797   -80.469   -13.975     0.103     0.018
2014   5  21   56798   -80.625   -13.866     0.113     0.021
2014   5  22   56799   -80.549   -13.855     0.124     0.024
2014   5  23   56800   -80.272   -13.838     0.134     0.028
2014   5  24   56801   -80.586   -13.664     0.219     0.072
2014   5  25   56802   -80.680   -13.598     0.249     0.088
2014   5  26   56803   -81.050   -13.593     0.247     0.088
2014   5  27   56804   -81.432   -13.666     0.247     0.088
2014   5  28   56805   -80.770   -13.874     0.161     0.031
2014   5  29   56806   -80.607   -13.927     0.166     0.031
2014   5  30   56807   -80.373   -13.918     0.170     0.032
2014   5  31   56808   -81.344   -13.732     0.227     0.071
2014   6   1   56809   -81.334   -13.758     0.247     0.085

 
 3 - EARTH ANGULAR VELOCITY : DAILY FINAL VALUES OF LOD, OMEGA AT 0hUTC
 
 LOD     : Excess of the Length of day - 86400 s TAI 
 OMEGA   : Earth angular velocity  
 Description: ftp://hpiers.obspm.fr/iers/bul/bulb_new/bulletinb.pdf
 
    DATE        MJD     LOD     sigma      OMEGA           sigma        
 (0 h UTC)              ms       ms        mas/ms          mas/ms

2014   5   2   56779  1.1077  0.0095  15.04106698583    0.00000000165 
2014   5   3   56780  1.0993  0.0101  15.04106698730    0.00000000176 
2014   5   4   56781  1.1093  0.0102  15.04106698556    0.00000000178 
2014   5   5   56782  1.1428  0.0104  15.04106697972    0.00000000181 
2014   5   6   56783  1.2141  0.0099  15.04106696731    0.00000000172 
2014   5   7   56784  1.2887  0.0095  15.04106695433    0.00000000165 
2014   5   8   56785  1.3728  0.0101  15.04106693968    0.00000000176 
2014   5   9   56786  1.4254  0.0100  15.04106693053    0.00000000174 
2014   5  10   56787  1.4420  0.0094  15.04106692764    0.00000000164 
2014   5  11   56788  1.4287  0.0092  15.04106692995    0.00000000160 
2014   5  12   56789  1.3658  0.0092  15.04106694090    0.00000000160 
2014   5  13   56790  1.2409  0.0090  15.04106696265    0.00000000157 
2014   5  14   56791  1.1385  0.0093  15.04106698047    0.00000000162 
2014   5  15   56792  1.0596  0.0101  15.04106699421    0.00000000176 
2014   5  16   56793  1.0081  0.0097  15.04106700317    0.00000000169 
2014   5  17   56794  1.0066  0.0091  15.04106700343    0.00000000158 
2014   5  18   56795  1.0694  0.0093  15.04106699250    0.00000000162 
2014   5  19   56796  1.2001  0.0099  15.04106696975    0.00000000172 
2014   5  20   56797  1.3548  0.0099  15.04106694282    0.00000000172 
2014   5  21   56798  1.4502  0.0099  15.04106692621    0.00000000172 
2014   5  22   56799  1.4633  0.0105  15.04106692393    0.00000000183 
2014   5  23   56800  1.4086  0.0106  15.04106693345    0.00000000185 
2014   5  24   56801  1.3575  0.0106  15.04106694235    0.00000000185 
2014   5  25   56802  1.1867  0.0102  15.04106697208    0.00000000178 
2014   5  26   56803  1.0368  0.0097  15.04106699818    0.00000000169 
2014   5  27   56804  0.8506  0.0096  15.04106703059    0.00000000167 
2014   5  28   56805  0.6872  0.0101  15.04106705904    0.00000000176 
2014   5  29   56806  0.5649  0.0106  15.04106708033    0.00000000185 
2014   5  30   56807  0.4223  0.0102  15.04106710515    0.00000000178 
2014   5  31   56808  0.3843  0.0101  15.04106711177    0.00000000176 
2014   6   1   56809  0.3849  0.0101  15.04106711166    0.00000000176 


 4 - INFORMATION ON TIME SCALES 
     
     TAI - UTC = 35 s.         during period [56779-56809]

     No leap second introduced during period [56779-56809]

     All information concerning time scales : 
	 - leap seconds announcements : Bulletin C 
	 - DUT1 announcements (UT1-UTC with 0.1 s accuracy) : Bulletin D
      can be found at : 
         - web site : http://hpiers.obspm.fr/eop-pc/
         - anonymous ftp : hpiers.obspm.fr/iers/ or 145.238.100.28


 5 - SUMMARY OF CONTRIBUTED EARTH ORIENTATION PARAMETERS SERIES
 This section gives the average precision of the individual series, some of them
 contributing to the combination (*) and their average agreement with it. 
 The period covered is that one of Bulletin B. 
 
    Units :  micro-arc-seconds for x/y/dX/dY        micro-seconds for UT1/LOD
-----------------------------------------------------------------------------
  EOP series             first line  : Mean  formal  uncertainty
  Periods covered        second line : Weighted RMS agreement with Bulletin B
-----------------------------------------------------------------------------
                                x     y    UT1   LOD   dX    dY   Data Number		

 VLBI Standards

 AUS       
 aus00007.eops                 48    39     1     -    46    37      10
 56783.50 to 56805.21         122    37     7     -    96    60

 BKG       
 bkg00013.eops                 42    52     2     -    24    22      12
 56783.50 to 56807.27          31    57     8     -    90    48

 GSFC      
 gsf2014a.eops                 41    43     1     3    18    17      14
 56783.50 to 56807.27          27    38     7     6    90    53

 IAA       
 iaa2007a.eops                 19    21     1     -    17    15      13
 56783.50 to 56807.27         108    37     6     -    76    61

 USNO      
 usn2014.eops                  44    42     2     -    37    36      14
 56783.50 to 56807.27          43    49     8     -    85    42

 MAO       
 mao2003o.eops                  0     0     0     -     0     0       0
 00000.00 to 00000.00           0     0     0     -     0     0

 IVS      *
 ivs07r1e.eops                  0     0     0     -     0     0       0
 00000.00 to 00000.00           0     0     0     -     0     0


 VLBI Intensive

 BKG      *
 bkgint09.eopi                  -     -     9     -     -     -      29
 56779.79 to 56808.33           -     -    10     -     -     -

 GSFC     *
 gsf2014a.eopi                  -     -    14     -     -     -      29
 56779.79 to 56808.33           -     -    11     -     -     -

 IAA      *
 iaa2005a.eopi                  -     -    11     -     -     -      19
 56779.79 to 56807.80           -     -    11     -     -     -

 PUL       
 pul2010a.eopi                  -     -    11     -     -     -      29
 56779.79 to 56808.33           -     -    10     -     -     -

 USNO     *
 usn2014.eopi                   -     -    11     -     -     -      27
 56779.79 to 56808.33           -     -    12     -     -     -


 GPS

 CODE      
 cod*.erp                       5     6     -     0     -     -      30
 56779.50 to 56808.50          22    25     -     8     -     -

 JPL       
 jpl*.erp                       8     9     -     4     -     -      30
 56779.50 to 56808.50          32    29     -    12     -     -

 GFZ       
 gfz*.erp                       5     6     -     1     -     -      30
 56779.50 to 56808.50          29    26     -     8     -     -

 ESOC      
 esa*.erp                       8     9     -     3     -     -      30
 56779.50 to 56808.50          23    26     -     8     -     -

 NOAA      
 ngs*.erp                       2     3     -     0     -     -      30
 56779.50 to 56808.50          68    58     -     8     -     -

 SIO       
 sio*.erp siu*.erp             78    76     -     8     -     -      30
 56779.50 to 56808.50          41    45     -     9     -     -

 EMR       
 emr*.erp                      29    29     -     7     -     -      30
 56779.50 to 56808.50          28    30     -    14     -     -

 IAA       
 gps_iaa_*.eop                  4     4     -     0     -     -      30
 56779.50 to 56808.50          57    50     -     9     -     -

 ASI       
 cgs*.erp                       0     0     -     0     -     -       0
 00000.00 to 00000.00           0     0     -     0     -     -

 MIT       
 mit*.erp                      12    12     -     2     -     -      30
 56779.50 to 56808.50          31    32     -     9     -     -

 IGR      *
 igs96p02.erp                  19    15     -     3     -     -      30
 56779.50 to 56808.50          20    24     -     7     -     -

 IGS      *
 igs00p03.erp                   6     7     -     0     -     -      30
 56779.50 to 56808.50          20    22     -     8     -     -


 SLR

 MCC       
 tg*.02                       163   156     -    22     -     -      26
 56779.00 to 56809.00         115    86     -   195     -     -

 IAA       
 slr_iaa_*.eop                 50    57     -     3     -     -      31
 56779.00 to 56809.00         183   137     -    16     -     -

 CGS       
 asi*.eop                      60    63     -    13     -     -      30
 56779.50 to 56808.50         148   175     -    50     -     -

 ILRS     *
 ilrsa.eop                     54    57     -     9     -     -      30
 56779.50 to 56808.50         134   148     -    24     -     -


 BULLETIN A

 NEOS      
 mark3.out                     19    19     5     -     -     -      31
 56779.00 to 56809.00          29    30    11     -     -     -

To unsubscribe : http://hpiers.obspm.fr/eop-pc/products/bulletins/bulletin_registration.html