                                                                BULLETIN B 333
                                        			1 Novembre 2015   
    
 Contents are described in ftp://hpiers.obspm.fr/iers/bul/bulb_new/bulletinb.pdf 
	
 1 - DAILY FINAL VALUES OF x, y, UT1-UTC, dX, dY
 Angular unit is milliarcsecond (mas), time unit is millisecond (ms). 
 Upgraded solution from February 1 2011 - consistent with ITRF 2008.
 
       DATE     MJD       x       y      UT1-UTC      dX     dY     x err    y err   UT1 err  X err  Y err
    (0 h UTC)            mas     mas       ms         mas    mas     mas      mas      ms     mas     mas

 Final values 

 Mean formal error      0.039    0.039    0.0082    0.058  0.055 
 
2015   9   2   57267  226.295  368.654  270.1919    0.008  0.000    0.040    0.039    0.0229  0.098  0.096
2015   9   3   57268  226.662  367.213  268.5070    0.007  0.000    0.040    0.039    0.0089  0.117  0.107
2015   9   4   57269  227.407  365.691  267.0035    0.008  0.000    0.041    0.038    0.0122  0.117  0.107
2015   9   5   57270  227.896  364.613  265.6947    0.008  0.000    0.040    0.038    0.0094  0.117  0.107
2015   9   6   57271  227.942  363.295  264.4795    0.007  0.000    0.040    0.037    0.0075  0.117  0.107
2015   9   7   57272  228.105  361.788  263.3532    0.007  0.000    0.040    0.038    0.0084  0.117  0.108
2015   9   8   57273  227.871  360.211  262.2934    0.007  0.000    0.040    0.038    0.0069  0.117  0.108
2015   9   9   57274  227.443  358.353  261.2369    0.007  0.001    0.039    0.038    0.0047  0.117  0.108
2015   9  10   57275  226.649  356.431  260.1910    0.007  0.001    0.040    0.039    0.0059  0.117  0.107
2015   9  11   57276  225.725  354.551  259.1332    0.100 -0.140    0.039    0.038    0.0065  0.060  0.043
2015   9  12   57277  224.935  352.307  257.9611    0.082 -0.136    0.040    0.038    0.0086  0.054  0.038
2015   9  13   57278  224.867  350.359  256.6890    0.063 -0.133    0.039    0.039    0.0091  0.048  0.033
2015   9  14   57279  224.791  348.407  255.3816    0.036 -0.147    0.041    0.040    0.0077  0.025  0.028
2015   9  15   57280  224.634  346.585  254.0451    0.008 -0.130    0.042    0.040    0.0021  0.014  0.023
2015   9  16   57281  224.230  345.198  252.7345   -0.010 -0.108    0.040    0.038    0.0086  0.021  0.024
2015   9  17   57282  223.541  343.716  251.4939   -0.025 -0.081    0.040    0.038    0.0082  0.034  0.026
2015   9  18   57283  222.447  342.284  250.3038   -0.037 -0.050    0.040    0.040    0.0070  0.046  0.028
2015   9  19   57284  221.427  340.385  249.1310   -0.024 -0.042    0.041    0.040    0.0075  0.048  0.028
2015   9  20   57285  220.525  338.462  247.9678    0.000 -0.041    0.040    0.040    0.0071  0.045  0.026
2015   9  21   57286  219.494  336.271  246.7838    0.064 -0.057    0.041    0.041    0.0087  0.018  0.030
2015   9  22   57287  218.814  334.069  245.5444    0.088 -0.060    0.041    0.041    0.0028  0.016  0.027
2015   9  23   57288  218.349  332.056  244.1986    0.081 -0.074    0.035    0.040    0.0064  0.014  0.025
2015   9  24   57289  218.170  329.985  242.7444    0.062 -0.091    0.030    0.038    0.0077  0.014  0.024
2015   9  25   57290  218.118  328.243  241.1481    0.039 -0.106    0.030    0.038    0.0112  0.013  0.023
2015   9  26   57291  218.156  326.762  239.3473    0.014 -0.118    0.034    0.040    0.0124  0.012  0.022
2015   9  27   57292  217.597  325.127  237.3405   -0.011 -0.125    0.039    0.040    0.0060  0.012  0.021
2015   9  28   57293  216.278  323.469  235.2190   -0.033 -0.128    0.041    0.039    0.0072  0.010  0.018
2015   9  29   57294  214.331  321.192  233.1205   -0.054 -0.123    0.041    0.039    0.0022  0.009  0.017
2015   9  30   57295  212.183  318.763  231.1416    0.008  0.000    0.040    0.040    0.0115  0.098  0.091
2015  10   1   57296  210.278  315.981  229.3549    0.007  0.000    0.040    0.040    0.0101  0.121  0.111

 Preliminary extension 
2015  10   2   57297  209.447  313.763  227.8026    0.008  0.000    0.040    0.040    0.0066  0.121  0.111
2015  10   3   57298  209.314  311.975  226.4602    0.007  0.000    0.040    0.040    0.0085  0.121  0.111
2015  10   4   57299  209.014  310.069  225.2260    0.007  0.000    0.041    0.040    0.0080  0.121  0.111
2015  10   5   57300  208.622  307.997  224.0097    0.008  0.000    0.041    0.040    0.0086  0.121  0.111
2015  10   6   57301  208.145  306.292  222.7573    0.007 -0.001    0.036    0.040    0.0087  0.121  0.111
2015  10   7   57302  207.401  304.683  221.4214    0.007  0.000    0.036    0.040    0.0075  0.121  0.111
2015  10   8   57303  206.670  303.256  220.0134    0.007 -0.001    0.041    0.040    0.0087  0.121  0.111
2015  10   9   57304  205.744  302.021  218.5853    0.007  0.000    0.041    0.039    0.0061  0.121  0.111
2015  10  10   57305  204.236  300.698  217.0521    0.007  0.000    0.040    0.040    0.0080  0.121  0.111
2015  10  11   57306  202.078  299.146  215.4565    0.007  0.000    0.127    0.109    0.0072  0.121  0.111
2015  10  12   57307  199.981  297.459  213.8026    0.007  0.000    0.194    0.214    0.0064  0.121  0.111
2015  10  13   57308  197.979  295.798  212.1533    0.007  0.000    0.208    0.248    0.0083  0.121  0.111
2015  10  14   57309  195.998  294.040  210.5292    0.007  0.000    0.261    0.214    0.0115  0.121  0.111
2015  10  15   57310  193.991  292.080  209.0000    0.008  0.000    0.274    0.169    0.0163  0.121  0.111
2015  10  16   57311  192.080  290.376  207.6064    0.007  0.000    0.237    0.183    0.0191  0.121  0.111
2015  10  17   57312  190.092  288.924  206.1709    0.007  0.000    0.235    0.202    0.0069  0.121  0.111
2015  10  18   57313  188.397  287.238  204.7073    0.008  0.000    0.220    0.210    0.0060  0.121  0.111
2015  10  19   57314  186.941  285.653  203.1893    0.007 -0.001    0.213    0.236    0.0074  0.121  0.111
2015  10  20   57315  185.807  284.279  201.6115    0.008 -0.001    0.252    0.232    0.0100  0.121  0.111
2015  10  21   57316  184.800  283.223  200.0716    0.007 -0.001    0.306    0.250    0.0153  0.121  0.111
2015  10  22   57317  183.766  282.369  198.4061    0.007  0.000    0.331    0.218    0.0084  0.121  0.111
2015  10  23   57318  182.452  281.452  196.5406    0.007  0.000    0.291    0.173    0.0069  0.121  0.111
2015  10  24   57319  180.787  280.277  194.4618    0.007  0.000    0.210    0.210    0.0059  0.121  0.111
2015  10  25   57320  179.213  278.936  192.2390    0.007  0.000    0.162    0.196    0.0085  0.121  0.111
2015  10  26   57321  178.142  277.739  189.9421    0.007 -0.001    0.174    0.170    0.0079  0.121  0.111
2015  10  27   57322  177.392  276.653  187.6464    0.007  0.000    0.222    0.175    0.0065  0.121  0.111
2015  10  28   57323  176.333  275.679  185.4568    0.008  0.000    0.191    0.150    0.0044  0.121  0.111
2015  10  29   57324  174.553  275.001  183.4377    0.007  0.000    0.352    0.488    0.0140  0.121  0.111
2015  10  30   57325  172.558  274.274  181.5980    0.008  0.000  999.000  999.000  999.0000 999.000 999.000
2015  10  31   57326  170.465  273.486  180.1406    0.008  0.000  999.000  999.000  999.0000 999.000 999.000
2015  11   1   57327  168.510  272.449  178.9320    0.007 -0.001  999.000  999.000  999.0000 999.000 999.000
 
	
 2 - DAILY FINAL VALUES OF CELESTIAL POLE OFFSETS dPsi1980 & dEps1980
  dPsi1980   dEps1980 ....dPsi,dEps / IAU 1980 precession-nutation model      
 Description : ftp://hpiers.obspm.fr/iers/bul/bulb_new/bulletinb.pdf
 The Reference Systems are described in the 2006 IERS Annual Report.
 
       DATE     MJD    dPsi1980   dEps1980  sig dPsi  sig dEps   
    (0 h UTC)             mas        mas      mas       mas   

2015   9   2   57267  -100.362   -13.015     0.247     0.096
2015   9   3   57268  -100.731   -12.907     0.293     0.107
2015   9   4   57269  -100.932   -12.852     0.293     0.107
2015   9   5   57270  -100.766   -12.975     0.293     0.107
2015   9   6   57271  -100.377   -13.228     0.293     0.107
2015   9   7   57272  -100.103   -13.445     0.295     0.108
2015   9   8   57273  -100.071   -13.535     0.295     0.108
2015   9   9   57274  -100.105   -13.534     0.294     0.108
2015   9  10   57275  -100.015   -13.482     0.293     0.107
2015   9  11   57276   -99.579   -13.483     0.150     0.043
2015   9  12   57277   -99.460   -13.220     0.135     0.038
2015   9  13   57278   -99.488   -12.921     0.120     0.033
2015   9  14   57279   -99.673   -12.778     0.062     0.028
2015   9  15   57280   -99.873   -12.834     0.035     0.023
2015   9  16   57281   -99.885   -13.029     0.054     0.024
2015   9  17   57282   -99.676   -13.203     0.085     0.026
2015   9  18   57283   -99.448   -13.284     0.116     0.028
2015   9  19   57284   -99.441   -13.332     0.120     0.028
2015   9  20   57285   -99.749   -13.355     0.114     0.026
2015   9  21   57286   -99.958   -13.315     0.044     0.030
2015   9  22   57287   -99.909   -13.157     0.039     0.027
2015   9  23   57288   -99.628   -13.005     0.036     0.025
2015   9  24   57289   -99.438   -12.981     0.034     0.024
2015   9  25   57290   -99.535   -13.059     0.033     0.023
2015   9  26   57291   -99.779   -13.081     0.031     0.022
2015   9  27   57292   -99.911   -12.988     0.029     0.021
2015   9  28   57293   -99.820   -12.895     0.025     0.018
2015   9  29   57294   -99.655   -12.848     0.023     0.017
2015   9  30   57295   -99.501   -12.602     0.246     0.091
2015  10   1   57296   -99.865   -12.316     0.305     0.111

 
 3 - EARTH ANGULAR VELOCITY : DAILY FINAL VALUES OF LOD, OMEGA AT 0hUTC
 
 LOD     : Excess of the Length of day - 86400 s TAI 
 OMEGA   : Earth angular velocity  
 Description: ftp://hpiers.obspm.fr/iers/bul/bulb_new/bulletinb.pdf
 
    DATE        MJD     LOD     sigma      OMEGA           sigma        
 (0 h UTC)              ms       ms        mas/ms          mas/ms

2015   9   2   57267  1.7409  0.0101  15.04106687560    0.00000000176 
2015   9   3   57268  1.5860  0.0097  15.04106690257    0.00000000169 
2015   9   4   57269  1.4111  0.0100  15.04106693302    0.00000000174 
2015   9   5   57270  1.2802  0.0105  15.04106695580    0.00000000183 
2015   9   6   57271  1.1851  0.0107  15.04106697236    0.00000000186 
2015   9   7   57272  1.1160  0.0113  15.04106698439    0.00000000197 
2015   9   8   57273  1.0495  0.0114  15.04106699597    0.00000000198 
2015   9   9   57274  1.0472  0.0112  15.04106699637    0.00000000195 
2015   9  10   57275  1.0477  0.0114  15.04106699628    0.00000000198 
2015   9  11   57276  1.0915  0.0113  15.04106698865    0.00000000197 
2015   9  12   57277  1.2121  0.0111  15.04106696766    0.00000000193 
2015   9  13   57278  1.3023  0.0108  15.04106695196    0.00000000188 
2015   9  14   57279  1.3334  0.0114  15.04106694654    0.00000000198 
2015   9  15   57280  1.3102  0.0112  15.04106695058    0.00000000195 
2015   9  16   57281  1.2571  0.0108  15.04106695983    0.00000000188 
2015   9  17   57282  1.2150  0.0109  15.04106696716    0.00000000190 
2015   9  18   57283  1.1792  0.0110  15.04106697339    0.00000000191 
2015   9  19   57284  1.1830  0.0112  15.04106697273    0.00000000195 
2015   9  20   57285  1.1860  0.0112  15.04106697220    0.00000000195 
2015   9  21   57286  1.2104  0.0109  15.04106696796    0.00000000190 
2015   9  22   57287  1.2940  0.0109  15.04106695340    0.00000000190 
2015   9  23   57288  1.3760  0.0111  15.04106693913    0.00000000193 
2015   9  24   57289  1.4872  0.0109  15.04106691977    0.00000000190 
2015   9  25   57290  1.6970  0.0109  15.04106688325    0.00000000190 
2015   9  26   57291  1.9386  0.0115  15.04106684119    0.00000000200 
2015   9  27   57292  2.0947  0.0115  15.04106681401    0.00000000200 
2015   9  28   57293  2.1224  0.0110  15.04106680919    0.00000000191 
2015   9  29   57294  2.0540  0.0116  15.04106682110    0.00000000202 
2015   9  30   57295  1.9004  0.0121  15.04106684784    0.00000000211 
2015  10   1   57296  1.6805  0.0115  15.04106688612    0.00000000200 


 4 - INFORMATION ON TIME SCALES 
     
         
     TAI - UTC = 36 s.         during period [57267-57296]

     No leap second introduced during period [57267-57296]

     All information concerning time scales : 
	 - leap seconds announcements : Bulletin C 
	 - DUT1 announcements (UT1-UTC with 0.1 s accuracy) : Bulletin D
      can be found at : 
         - web site : http://hpiers.obspm.fr/eop-pc/
         - anonymous ftp : hpiers.obspm.fr/iers/ or 145.238.100.28


 5 - SUMMARY OF CONTRIBUTED EARTH ORIENTATION PARAMETERS SERIES
 This section gives the average precision of the individual series, some of them
 contributing to the combination (*) and their average agreement with it. 
 The period covered is that one of Bulletin B. 
 
    Units :  micro-arc-seconds for x/y/dX/dY        micro-seconds for UT1/LOD
-----------------------------------------------------------------------------
  EOP series             first line  : Mean  formal  uncertainty
  Periods covered        second line : Weighted RMS agreement with Bulletin B
-----------------------------------------------------------------------------
                                x     y    UT1   LOD   dX    dY   Data Number		

 VLBI Standards

 AUS       
 aus00007.eops                 63    73     4     -    61    60       7
 57269.27 to 57294.21         348   477    22     -    76   107

 BKG       
 bkg00014.eops                 50    60     2     -    31    31       8
 57269.27 to 57294.21          61    71    11     -    41    37

 GSFC      
 gsf2014a.eops                 50    51     2     5    27    27       8
 57269.27 to 57294.21          71    84    12    13    30    43

 IAA       
 iaa2007a.eops                 40    44     2     -    29    29       8
 57269.27 to 57294.21          90   107     9     -   141    88

 USNO      
 usn2015a.eops                 32    32     1     -    26    27       7
 57269.27 to 57294.21          84    78    10     -    29    45

 IVS      *
 ivs07r1e.eops                  7     8     0     -     3     8       8
 57269.27 to 57294.21          56    80    11     -    22    35


 VLBI Intensive

 BKG      *
 bkgint14.eopi                  -     -    10     -     -     -      31
 57267.79 to 57295.79           -     -    17     -     -     -

 GSFC     *
 gsf2014a.eopi                  -     -    12     -     -     -      31
 57267.79 to 57295.79           -     -    20     -     -     -

 IAA      *
 iaa2005a.eopi                  -     -    12     -     -     -      19
 57267.79 to 57295.79           -     -    33     -     -     -

 PUL       
 pul2010a.eopi                  -     -    11     -     -     -      23
 57267.79 to 57295.79           -     -    22     -     -     -

 USNO     *
 usn2015.eopi                   -     -    12     -     -     -      31
 57267.79 to 57295.79           -     -    22     -     -     -


 GPS

 CODE      
 cod*.erp                       5     5     -     0     -     -      29
 57267.50 to 57295.50          23    26     -     7     -     -

 JPL       
 jpl*.erp                      10    12     -     7     -     -      29
 57267.50 to 57295.50          36    35     -    12     -     -

 GFZ       
 gfz*.erp                       5     6     -     1     -     -      29
 57267.50 to 57295.50          30    33     -     6     -     -

 ESOC      
 esa*.erp                       9     9     -     4     -     -      29
 57267.50 to 57295.50          32    37     -     5     -     -

 NOAA      
 ngs*.erp                       2     3     -     0     -     -      29
 57267.50 to 57295.50          47    43     -     6     -     -

 SIO       
 sio*.erp siu*.erp             28    28     -    10     -     -      29
 57267.50 to 57295.50          32    34     -    19     -     -

 EMR       
 emr*.erp                      29    29     -     9     -     -      29
 57267.50 to 57295.50          30    31     -    13     -     -

 IAA       
 gps_iaa_*.eop                  3     3     -     0     -     -      29
 57267.50 to 57295.50          32    40     -     6     -     -

 GRGS      
 grg*.erp                      57    57     -     1     -     -      25
 57267.50 to 57291.50          30    23     -    10     -     -

 MIT       
 mit*.erp                      12    12     -     2     -     -      29
 57267.50 to 57295.50          28    34     -     4     -     -

 IGR      *
 igs96p02.erp                  15    14     -     3     -     -      29
 57267.50 to 57295.50          21    25     -     4     -     -

 IGS      *
 igs00p03.erp                   3     4     -     0     -     -      29
 57267.50 to 57295.50          21    25     -     3     -     -


 SLR

 MCC       
 tg*.02                        90   115     -    27     -     -      26
 57267.00 to 57296.00         105   118     -   218     -     -

 IAA       
 slr_iaa_*.eop                 41    43     -     2     -     -      30
 57267.00 to 57296.00         179   169     -    16     -     -

 CGS       
 asi*.eop                      67    69     -    13     -     -      29
 57267.50 to 57295.50         190   216     -    48     -     -

 ILRS     *
 ilrsa.eop                     39    40     -     6     -     -      29
 57267.50 to 57295.50         109   159     -    25     -     -


 BULLETIN A

 NEOS      
 mark3.out                     15    22     3     -     -     -      30
 57267.00 to 57296.00          20    29    13     -     -     -

To unsubscribe : http://hpiers.obspm.fr/eop-pc/products/bulletins/bulletin_registration.html