                                                                BULLETIN B 424
                                        			1 June 2023   
    
 Contents are described in https://hpiers.obspm.fr/iers/bul/bulb_new/bulletinb.pdf 
	
 1 - DAILY FINAL VALUES OF x, y, UT1-UTC, dX, dY
 Angular unit is milliarcsecond (mas), time unit is millisecond (ms). 
 Upgraded solution from March 1 2017 - consistent with ITRF 2014.
 
       DATE     MJD       x       y      UT1-UTC      dX     dY     x err    y err   UT1 err  dX err  dY err
    (0 h UTC)            mas     mas       ms         mas    mas     mas      mas      ms     mas     mas

 Final values 

 Mean formal error      0.058    0.054    0.0170    0.068  0.076 
 
2023   4   2   60036  -17.339  407.431  -24.4585    0.295 -0.086    0.063    0.053    0.0147  0.038  0.034
2023   4   3   60037  -15.648  409.984  -24.7405    0.314 -0.106    0.063    0.051    0.0167  0.039  0.036
2023   4   4   60038  -13.789  412.618  -25.2154    0.322 -0.116    0.060    0.053    0.0185  0.041  0.038
2023   4   5   60039  -12.263  415.517  -25.8359    0.295 -0.118    0.058    0.052    0.0183  0.042  0.039
2023   4   6   60040  -10.755  418.256  -26.5377    0.254 -0.111    0.057    0.049    0.0175  0.044  0.039
2023   4   7   60041   -9.065  421.259  -27.2490    0.228 -0.089    0.056    0.048    0.0184  0.046  0.041
2023   4   8   60042   -7.878  423.780  -27.9197    0.216 -0.055    0.057    0.049    0.0217  0.051  0.046
2023   4   9   60043   -6.541  426.318  -28.4814    0.216 -0.019    0.058    0.051    0.0270  0.059  0.055
2023   4  10   60044   -5.307  428.835  -28.8476    0.225  0.014    0.057    0.053    0.0336  0.068  0.064
2023   4  11   60045   -4.073  431.351  -29.0184    0.244  0.037    0.059    0.053    0.0390  0.074  0.071
2023   4  12   60046   -2.903  434.183  -29.0346    0.271  0.043    0.057    0.053    0.0396  0.078  0.074
2023   4  13   60047   -2.436  436.715  -28.9857    0.316  0.012    0.057    0.057    0.0333  0.078  0.074
2023   4  14   60048   -1.750  439.264  -29.0056    0.355 -0.027    0.059    0.060    0.0263  0.078  0.073
2023   4  15   60049   -1.196  441.724  -29.2618    0.352 -0.047    0.065    0.061    0.0198  0.077  0.073
2023   4  16   60050    0.214  443.555  -29.8215    0.318 -0.051    0.071    0.063    0.0158  0.074  0.074
2023   4  17   60051    1.716  445.308  -30.6441    0.273 -0.044    0.067    0.060    0.0133  0.071  0.074
2023   4  18   60052    2.942  446.930  -31.6096    0.230 -0.029    0.068    0.058    0.0121  0.068  0.074
2023   4  19   60053    4.306  448.627  -32.5371    0.225 -0.008    0.064    0.054    0.0117  0.072  0.079
2023   4  20   60054    5.723  450.456  -33.3578    0.239  0.017    0.063    0.053    0.0108  0.078  0.088
2023   4  21   60055    7.430  452.633  -33.9749    0.259  0.041    0.061    0.057    0.0099  0.084  0.095
2023   4  22   60056    9.155  455.143  -34.2997    0.278  0.063    0.057    0.056    0.0094  0.088  0.100
2023   4  23   60057   10.695  457.843  -34.3744    0.298  0.077    0.053    0.055    0.0091  0.094  0.106
2023   4  24   60058   12.615  460.612  -34.2760    0.318  0.079    0.053    0.054    0.0088  0.099  0.112
2023   4  25   60059   14.950  462.927  -34.0746    0.340  0.065    0.052    0.051    0.0087  0.103  0.116
2023   4  26   60060   17.333  465.001  -33.8446    0.475 -0.046    0.050    0.048    0.0084  0.130  0.144
2023   4  27   60061   19.395  467.135  -33.6272    0.558 -0.148    0.053    0.051    0.0084  0.161  0.178
2023   4  28   60062   21.422  469.079  -33.5007    0.474 -0.168    0.055    0.053    0.0085  0.181  0.199
2023   4  29   60063   23.823  470.667  -33.5561    0.248 -0.088    0.055    0.053    0.0088  0.500  0.500
2023   4  30   60064   25.987  472.089  -33.8124    0.246 -0.092    0.054    0.055    0.0088  0.500  0.500
2023   5   1   60065   27.605  473.468  -34.2084    0.238 -0.099    0.055    0.056    0.0098  0.500  0.500

 Preliminary extension 
2023   5   2   60066   28.796  474.630  -34.7850    0.226 -0.107    0.054    0.056    0.0107  0.500  0.500
2023   5   3   60067   30.238  475.701  -35.4698    0.212 -0.113    0.050    0.050    0.0115  0.500  0.500
2023   5   4   60068   31.930  476.551  -36.1683    0.200 -0.114    0.047    0.046    0.0122  0.500  0.500
2023   5   5   60069   33.842  477.636  -36.8194    0.192 -0.111    0.046    0.044    0.0132  0.500  0.500
2023   5   6   60070   35.688  478.700  -37.3634    0.187 -0.105    0.046    0.043    0.0143  0.500  0.500
2023   5   7   60071   37.870  479.791  -37.7704    0.187 -0.100    0.045    0.043    0.0153  0.500  0.500
2023   5   8   60072   39.794  481.303  -37.9980    0.191 -0.100    0.046    0.042    0.0164  0.500  0.500
2023   5   9   60073   41.740  482.697  -38.1056    0.199 -0.103    0.046    0.041    0.0181  0.500  0.500
2023   5  10   60074   43.544  484.314  -38.1971    0.209 -0.109    0.047    0.040    0.0208  0.500  0.500
2023   5  11   60075   45.285  485.509  -38.3939    0.216 -0.114    0.048    0.040    0.0245  0.500  0.500
2023   5  12   60076   47.334  486.632  -38.8230    0.220 -0.116    0.049    0.040    0.0279  0.500  0.500
2023   5  13   60077   49.453  487.745  -39.5275    0.218 -0.116    0.050    0.041    0.0311  0.500  0.500
2023   5  14   60078   52.326  489.107  -40.5236    0.211 -0.116    0.052    0.043    0.0371  0.500  0.500
2023   5  15   60079   55.855  490.626  -41.7559    0.202 -0.114    0.054    0.044    0.0421  0.500  0.500
2023   5  16   60080   59.181  492.265  -43.0695    0.195 -0.111    0.054    0.045    0.0450  0.500  0.500
2023   5  17   60081   62.106  493.471  -44.2733    0.192 -0.105    0.053    0.046    0.0468  0.500  0.500
2023   5  18   60082   64.525  494.605  -45.2357    0.193 -0.097    0.053    0.046    0.0479  0.500  0.500
2023   5  19   60083   66.849  495.724  -45.8839    0.197 -0.088    0.053    0.046    0.0485  0.500  0.500
2023   5  20   60084   69.353  496.631  -46.2385    0.202 -0.081    0.054    0.047    0.0489  0.500  0.500
2023   5  21   60085   71.689  497.552  -46.3472    0.208 -0.079    0.055    0.047    0.0491  0.500  0.500
2023   5  22   60086   73.638  498.162  -46.2213    0.215 -0.082    0.056    0.047    0.0493  0.500  0.500
2023   5  23   60087   76.177  498.998  -45.9713    0.223 -0.088    0.056    0.048    0.0494  0.500  0.500
2023   5  24   60088   79.159  500.053  -45.6664    0.231 -0.094    0.058    0.049    0.0494  0.500  0.500
2023   5  25   60089   82.176  501.035  -45.3607    0.239 -0.097    0.060    0.050    0.0494  0.500  0.500
2023   5  26   60090   84.883  502.492  -45.1120    0.244 -0.098    0.064    0.052    0.0495  0.500  0.500
2023   5  27   60091   86.725  503.694  -44.9645    0.246 -0.100    0.071    0.056    0.0495  0.500  0.500
2023   5  28   60092   88.645  504.473  -45.0061    0.243 -0.105    0.082    0.060    0.0495  0.500  0.500
2023   5  29   60093   90.341  505.255  -45.2254    0.235 -0.113    0.097    0.067    0.0495  0.500  0.500
2023   5  30   60094   91.868  506.054  -45.5116    0.224 -0.122    0.120    0.077    0.0495  0.500  0.500
2023   5  31   60095   93.795  507.019  -45.7945    0.213 -0.128    0.151    0.089    0.0495  0.500  0.500
2023   6   1   60096   96.288  507.858  -46.0384    0.202 -0.130    0.206    0.114    0.0495  0.500  0.500
 
	
 2 - DAILY FINAL VALUES OF CELESTIAL POLE OFFSETS dPsi1980 & dEps1980
  dPsi1980   dEps1980 ....dPsi,dEps / IAU 1980 precession-nutation model      
 Description : ftp://hpiers.obspm.fr/iers/bul/bulb_new/bulletinb.pdf
 The Reference Systems are described in the 2006 IERS Annual Report.
 
       DATE     MJD    dPsi1980   dEps1980  sig dPsi  sig dEps   
    (0 h UTC)             mas        mas      mas       mas   

2023   4   2   60036  -106.744    -9.003     0.095     0.034
2023   4   3   60037  -106.816    -8.883     0.099     0.036
2023   4   4   60038  -107.008    -8.648     0.103     0.038
2023   4   5   60039  -107.244    -8.468     0.107     0.039
2023   4   6   60040  -107.466    -8.452     0.111     0.039
2023   4   7   60041  -107.657    -8.560     0.117     0.041
2023   4   8   60042  -107.816    -8.694     0.129     0.046
2023   4   9   60043  -107.930    -8.792     0.149     0.055
2023   4  10   60044  -107.977    -8.867     0.171     0.064
2023   4  11   60045  -107.906    -8.967     0.187     0.071
2023   4  12   60046  -107.627    -9.117     0.196     0.074
2023   4  13   60047  -107.084    -9.311     0.197     0.074
2023   4  14   60048  -106.448    -9.462     0.197     0.073
2023   4  15   60049  -106.033    -9.492     0.194     0.073
2023   4  16   60050  -105.983    -9.387     0.186     0.074
2023   4  17   60051  -106.240    -9.208     0.177     0.074
2023   4  18   60052  -106.615    -9.044     0.171     0.074
2023   4  19   60053  -106.853    -8.950     0.180     0.079
2023   4  20   60054  -106.967    -8.923     0.197     0.088
2023   4  21   60055  -107.047    -8.949     0.212     0.095
2023   4  22   60056  -107.160    -9.039     0.222     0.100
2023   4  23   60057  -107.269    -9.198     0.236     0.106
2023   4  24   60058  -107.304    -9.366     0.250     0.112
2023   4  25   60059  -107.224    -9.466     0.259     0.116
2023   4  26   60060  -106.721    -9.586     0.326     0.144
2023   4  27   60061  -106.199    -9.723     0.405     0.178
2023   4  28   60062  -105.977    -9.882     0.455     0.199
2023   4  29   60063  -106.132    -9.986  2511.312   999.000
2023   4  30   60064  -105.944   -10.067  2511.312   999.000
2023   5   1   60065  -106.095    -9.946  2511.312   999.000


 3 - EARTH ANGULAR VELOCITY : DAILY FINAL VALUES OF LOD, OMEGA AT 0hUTC
 
 LOD     : Excess of the Length of day - 86400 s TAI 
 OMEGA   : Earth angular velocity  
 Description: ftp://hpiers.obspm.fr/iers/bul/bulb_new/bulletinb.pdf
 
    DATE        MJD     LOD     sigma      OMEGA           sigma        
 (0 h UTC)              ms       ms        mas/ms          mas/ms

2023   4   2   60036  0.2013  0.0221  15.04106714363    0.00000000385 
2023   4   3   60037  0.3819  0.0225  15.04106711219    0.00000000392 
2023   4   4   60038  0.5579  0.0234  15.04106708155    0.00000000407 
2023   4   5   60039  0.6744  0.0224  15.04106706127    0.00000000390 
2023   4   6   60040  0.7197  0.0234  15.04106705338    0.00000000407 
2023   4   7   60041  0.6993  0.0221  15.04106705693    0.00000000385 
2023   4   8   60042  0.6258  0.0221  15.04106706973    0.00000000385 
2023   4   9   60043  0.4743  0.0229  15.04106709610    0.00000000399 
2023   4  10   60044  0.2659  0.0241  15.04106713238    0.00000000420 
2023   4  11   60045  0.0866  0.0242  15.04106716359    0.00000000421 
2023   4  12   60046 -0.0344  0.0237  15.04106718466    0.00000000413 
2023   4  13   60047 -0.0349  0.0223  15.04106718475    0.00000000388 
2023   4  14   60048  0.1070  0.0228  15.04106716004    0.00000000397 
2023   4  15   60049  0.3882  0.0217  15.04106711109    0.00000000378 
2023   4  16   60050  0.7070  0.0226  15.04106705559    0.00000000393 
2023   4  17   60051  0.9188  0.0231  15.04106701872    0.00000000402 
2023   4  18   60052  0.9803  0.0235  15.04106700801    0.00000000409 
2023   4  19   60053  0.8834  0.0223  15.04106702488    0.00000000388 
2023   4  20   60054  0.7316  0.0230  15.04106705131    0.00000000400 
2023   4  21   60055  0.4803  0.0231  15.04106709506    0.00000000402 
2023   4  22   60056  0.1878  0.0221  15.04106714598    0.00000000385 
2023   4  23   60057 -0.0276  0.0225  15.04106718348    0.00000000392 
2023   4  24   60058 -0.1638  0.0235  15.04106720719    0.00000000409 
2023   4  25   60059 -0.2294  0.0226  15.04106721861    0.00000000393 
2023   4  26   60060 -0.2297  0.0211  15.04106721866    0.00000000367 
2023   4  27   60061 -0.1836  0.0214  15.04106721063    0.00000000373 
2023   4  28   60062 -0.0486  0.0220  15.04106718713    0.00000000383 
2023   4  29   60063  0.1491  0.0216  15.04106715271    0.00000000376 
2023   4  30   60064  0.3309  0.0220  15.04106712107    0.00000000383 
2023   5   1   60065  0.4987  0.0230  15.04106709185    0.00000000400 


 4 - INFORMATION ON TIME SCALES 
     
         
     TAI - UTC = 37 s.         during period [60036-60065]

     No leap second introduced during period [60036-60065]

     All information concerning time scales : 
	 - leap seconds announcements : Bulletin C 
	 - DUT1 announcements (UT1-UTC with 0.1 s accuracy) : Bulletin D
      can be found at : 
         - web site : http://hpiers.obspm.fr/eop-pc/
         - anonymous ftp://hpiers.obspm.fr/iers/ 


 5 - SUMMARY OF CONTRIBUTED EARTH ORIENTATION PARAMETERS SERIES
 This section gives the average precision of the individual series, some of them
 contributing to the combination (*) and their average agreement with it. 
 The period covered is that one of Bulletin B. 
 
    Units :  micro-arc-seconds for x/y/dX/dY        micro-seconds for UT1/LOD
-----------------------------------------------------------------------------
  EOP series             first line  : Mean  formal  uncertainty
  Periods covered        second line : Weighted RMS agreement with Bulletin B
-----------------------------------------------------------------------------
                                x     y    UT1   LOD   dX    dY   Data Number		

 VLBI Standards

 
 BKG       
 bkg2023a.eoxy                 63    70     4     -    47    41       6
 60038.21 to 60059.21         148    73    11     -    49    51

 GSFC      
 gsf2023a.eoxy                 53    53     3     9    43    41       8
 60038.21 to 60062.27         103   113    13    11    49    23

 USNO      
 usn2023a.eoxy                 58    60     3     -    57    53       8
 60038.21 to 60062.27          86   166    15     -    42    47

 IVS      *
 ivs2023a.eoxy                 70   108     6     -    38    42       4
 60038.22 to 60048.27         142   228    13     -     4     2

 
 

 VLBI Intensive

 GSI      *
 gsiint2c.eopi                  -     -     6     -     -     -       7
 60036.33 to 60064.33           -     -    28     -     -     -

 BKG      *
 bkg2023.eopi                   -     -     5     -     -     -      37
 60036.33 to 60064.33           -     -    35     -     -     -

 GSFC     *
 gsf2023a.eopi                  -     -    12     -     -     -      35
 60036.33 to 60064.33           -     -    36     -     -     -

 IAA      *
 iaa2021a.eopi                  -     -    27     -     -     -      52
 60036.33 to 60064.33           -     -   132     -     -     -

 USNO     *
 usn2023a.eopi                  -     -     7     -     -     -      34
 60036.33 to 60064.33           -     -    89     -     -     -

 

 GPS

 CODE      
 COD0OPSFIN                     3     3     -     0     -     -      29
 60036.50 to 60064.50          29    28     -    11     -     -

 JPL       
 JPL0OPSFIN                     9    10     -     7     -     -      29
 60036.50 to 60064.50          48    32     -    16     -     -

 GFZ       
 GFZ0OPSFIN                     4     4     -     1     -     -      29
 60036.50 to 60064.50          37    33     -    13     -     -

 ESA       
 ESA0OPSFIN                     5     6     -     3     -     -      29
 60036.50 to 60064.50          37    27     -    13     -     -

 SIO       
 SIO0OPSFIN                    21    20     -    11     -     -      29
 60036.50 to 60064.50          47    40     -    25     -     -

 EMR       
 EMR0OPSFIN                     5     4     -     1     -     -       5
 60036.50 to 60040.50          18    48     -     5     -     -

 IAA       
 gnss.res                       0     0     -     0     -     -       7
 60036.50 to 60050.50          86    66     -    21     -     -

 GRGS      
 GRG0OPSFIN                   259   259     -     0     -     -      29
 60036.50 to 60064.50          28    26     -    12     -     -

 ASI       
 asi*.erp                       9     9     -     0     -     -      16
 60036.50 to 60059.50          29    17     -    52     -     -

 MIT       
 MIT0OPSFIN                    10    10     -     1     -     -      29
 60036.50 to 60064.50          48    41     -    17     -     -

 IGR      *
 IGS0OPSRAP                    10    11     -     2     -     -      29
 60036.50 to 60064.50          38    26     -    11     -     -

 IGS      *
 IGS0OPSFIN                     9    12     -     2     -     -      29
 60036.50 to 60064.50          16    25     -     9     -     -


 SLR

 MCC       
 tg*.02                       226   226     -    26     -     -      30
 60036.00 to 60065.00         150   121     -   161     -     -

 IAA       
 slr_v.dat                    111    92     -     6     -     -      15
 60036.00 to 60051.00         315   268     -    19     -     -

 ASI       
 asi.*.eops                   115   110     -    29     -     -      29
 60036.50 to 60064.50         234   273     -   106     -     -

 ILRS     *
 ilrsa.eop                     68    66     -    13     -     -      29
 60036.50 to 60064.50         168   198     -    43     -     -


 BULLETIN A

 NEOS      
 mark3.out                     14    18     6     -     -     -      30
 60036.00 to 60065.00          36    25    18     -     -     -

To unsubscribe : http://hpiers.obspm.fr/eop-pc/products/bulletins/bulletin_registration.html