                                                                BULLETIN B 398
                                        			1 April 2021   
    
 Contents are described in ftp://hpiers.obspm.fr/iers/bul/bulb_new/bulletinb.pdf 
	
 1 - DAILY FINAL VALUES OF x, y, UT1-UTC, dX, dY
 Angular unit is milliarcsecond (mas), time unit is millisecond (ms). 
 Upgraded solution from March 1 2017 - consistent with ITRF 2014.
 
       DATE     MJD       x       y      UT1-UTC      dX     dY     x err    y err   UT1 err  dX err  dY err
    (0 h UTC)            mas     mas       ms         mas    mas     mas      mas      ms     mas     mas

 Final values 

 Mean formal error      0.024    0.020    0.0128    0.039  0.101 
 
2021   2   2   59247   49.490  341.692 -167.5614    0.115  0.032    0.027    0.022    0.0125  0.083  0.073
2021   2   3   59248   49.274  343.178 -168.1920    0.107  0.061    0.027    0.022    0.0128  0.084  0.075
2021   2   4   59249   49.231  344.351 -168.8000    0.117  0.097    0.027    0.022    0.0128  0.085  0.078
2021   2   5   59250   49.262  345.628 -169.2802    0.126  0.132    0.027    0.022    0.0129  0.086  0.082
2021   2   6   59251   49.156  346.983 -169.6139    0.140  0.158    0.027    0.022    0.0129  0.088  0.084
2021   2   7   59252   49.075  348.358 -169.6850    0.156  0.180    0.027    0.021    0.0131  0.089  0.086
2021   2   8   59253   49.311  349.885 -169.4924    0.172  0.202    0.027    0.021    0.0126  0.090  0.088
2021   2   9   59254   49.922  351.343 -169.3373    0.188  0.224    0.027    0.021    0.0127  0.091  0.090
2021   2  10   59255   50.607  352.626 -169.2436    0.222  0.170    0.026    0.021    0.0126  0.092  0.092
2021   2  11   59256   51.207  353.801 -169.2657    0.261  0.095    0.026    0.021    0.0131  0.093  0.093
2021   2  12   59257   51.383  354.941 -169.4090    0.301  0.020    0.026    0.021    0.0130  0.094  0.095
2021   2  13   59258   51.474  355.706 -169.7045    0.308  0.024    0.026    0.021    0.0129  0.095  0.096
2021   2  14   59259   51.922  356.756 -170.1305    0.302  0.059    0.025    0.021    0.0128  0.096  0.098
2021   2  15   59260   51.716  358.143 -170.6473    0.296  0.095    0.024    0.021    0.0131  0.097  0.099
2021   2  16   59261   50.949  359.283 -171.1965    0.290  0.131    0.024    0.021    0.0125  0.098  0.100
2021   2  17   59262   50.326  360.338 -171.6669    0.284  0.166    0.024    0.021    0.0124  0.099  0.102
2021   2  18   59263   50.378  361.154 -171.9511    0.247  0.200    0.024    0.021    0.0130  0.101  0.104
2021   2  19   59264   50.885  361.987 -172.0228    0.202  0.234    0.024    0.021    0.0131  0.102  0.107
2021   2  20   59265   51.501  363.070 -171.9007    0.198  0.191    0.023    0.021    0.0123  0.103  0.109
2021   2  21   59266   51.463  363.914 -171.5820    0.209  0.120    0.023    0.020    0.0123  0.105  0.112
2021   2  22   59267   50.700  364.562 -171.0795    0.219  0.048    0.022    0.021    0.0125  0.106  0.115
2021   2  23   59268   49.836  365.309 -170.4677    0.230 -0.023    0.023    0.021    0.0125  0.108  0.118
2021   2  24   59269   49.396  365.588 -169.8548    0.207 -0.047    0.023    0.021    0.0132  0.109  0.121
2021   2  25   59270   49.801  366.059 -169.3475    0.174 -0.058    0.023    0.020    0.0130  0.110  0.123
2021   2  26   59271   50.306  367.069 -169.0477    0.142 -0.069    0.023    0.020    0.0128  0.112  0.125
2021   2  27   59272   50.431  368.528 -169.0351    0.151 -0.054    0.023    0.020    0.0129  0.113  0.126
2021   2  28   59273   50.498  370.227 -169.3081    0.176 -0.029    0.024    0.020    0.0129  0.115  0.127
2021   3   1   59274   50.616  371.982 -169.7877    0.201 -0.004    0.024    0.020    0.0126  0.116  0.128

 Preliminary extension 
2021   3   2   59275   50.706  373.771 -170.3934    0.226  0.022    0.024    0.020    0.0127  0.117  0.129
2021   3   3   59276   50.584  375.262 -171.0261    0.212  0.040    0.024    0.020    0.0127  0.119  0.131
2021   3   4   59277   51.059  376.549 -171.5541    0.188  0.056    0.024    0.020    0.0134  0.120  0.133
2021   3   5   59278   52.202  377.868 -171.8840    0.164  0.073    0.024    0.019    0.0135  0.121  0.134
2021   3   6   59279   53.358  379.378 -171.9884    0.164  0.048    0.024    0.019    0.0135  0.123  0.134
2021   3   7   59280   54.561  380.833 -171.8731    0.173  0.007    0.023    0.019    0.0134  0.124  0.134
2021   3   8   59281   56.190  382.348 -171.6076    0.183 -0.033    0.023    0.019    0.0135  0.125  0.133
2021   3   9   59282   57.663  383.910 -171.3240    0.192 -0.074    0.023    0.019    0.0137  0.127  0.133
2021   3  10   59283   58.747  385.261 -171.0999    0.194 -0.074    0.023    0.019    0.0138  0.128  0.132
2021   3  11   59284   59.622  386.349 -171.0022    0.195 -0.063    0.023    0.019    0.0139  0.129  0.131
2021   3  12   59285   60.540  387.741 -171.0604    0.196 -0.052    0.023    0.019    0.0140  0.130  0.131
2021   3  13   59286   61.727  389.354 -171.2389    0.212 -0.028    0.023    0.019    0.0141  0.131  0.129
2021   3  14   59287   63.040  391.023 -171.5572    0.235  0.000    0.023    0.019    0.0141  0.132  0.127
2021   3  15   59288   64.325  392.502 -171.9516    0.257  0.027    0.023    0.019    0.0141  0.134  0.125
2021   3  16   59289   65.374  394.216 -172.2338    0.280  0.055    0.023    0.019    0.0140  0.135  0.123
2021   3  17   59290   65.659  395.938 -172.3784    0.280  0.067    0.023    0.019    0.0139  0.136  0.122
2021   3  18   59291   65.857  397.461 -172.3823    0.273  0.074    0.023    0.019    0.0139  0.137  0.121
2021   3  19   59292   66.231  398.940 -172.2906    0.267  0.082    0.022    0.019    0.0137  0.138  0.120
2021   3  20   59293   66.584  400.416 -172.0353    0.260  0.089    0.022    0.019    0.0136  0.139  0.119
2021   3  21   59294   67.505  401.774 -171.6879    0.254  0.096    0.023    0.019    0.0135  0.140  0.118
2021   3  22   59295   68.768  403.524 -171.3425    0.247  0.104    0.023    0.019    0.0136  0.141  0.117
2021   3  23   59296   70.020  405.098 -171.0161    0.241  0.111    0.024    0.019    0.0136  0.143  0.117
2021   3  24   59297   71.509  406.505 -170.6818    0.234  0.118    0.024    0.019    0.0137  0.144  0.116
2021   3  25   59298   72.815  407.877 -170.5304    0.224  0.113    0.025    0.019    0.0139  0.500  0.500
2021   3  26   59299   73.731  409.052 -170.6018    0.214  0.100    0.026    0.019    0.0141  0.500  0.500
2021   3  27   59300   74.954  409.668 -170.9412    0.204  0.086    0.027    0.019    0.0142  0.500  0.500
2021   3  28   59301   76.574  409.821 -171.4947    0.198  0.074    0.029    0.020    0.0143  0.500  0.500
2021   3  29   59302   78.242  410.135 -172.1971    0.194  0.069    0.030    0.021    0.0145  0.500  0.500
2021   3  30   59303   79.570  410.458 -173.0502    0.194  0.069    0.031    0.022    0.0148  0.500  0.500
2021   3  31   59304   80.686  411.070 -173.7269    0.196  0.071    0.033    0.023    0.0151  0.500  0.500
2021   4   1   59305   81.526  411.751 -174.2631    0.201  0.074    0.034    0.024    0.0154  0.500  0.500
 
	
 2 - DAILY FINAL VALUES OF CELESTIAL POLE OFFSETS dPsi1980 & dEps1980
  dPsi1980   dEps1980 ....dPsi,dEps / IAU 1980 precession-nutation model      
 Description : ftp://hpiers.obspm.fr/iers/bul/bulb_new/bulletinb.pdf
 The Reference Systems are described in the 2006 IERS Annual Report.
 
       DATE     MJD    dPsi1980   dEps1980  sig dPsi  sig dEps   
    (0 h UTC)             mas        mas      mas       mas   

2021   2   2   59247  -108.292    -6.165     0.209     0.073
2021   2   3   59248  -108.630    -6.177     0.211     0.075
2021   2   4   59249  -108.983    -6.111     0.214     0.078
2021   2   5   59250  -109.304    -6.001     0.216     0.082
2021   2   6   59251  -109.483    -5.921     0.221     0.084
2021   2   7   59252  -109.454    -5.901     0.224     0.086
2021   2   8   59253  -109.221    -5.926     0.226     0.088
2021   2   9   59254  -108.874    -5.989     0.229     0.090
2021   2  10   59255  -108.510    -6.178     0.231     0.092
2021   2  11   59256  -108.257    -6.433     0.234     0.093
2021   2  12   59257  -108.111    -6.679     0.236     0.095
2021   2  13   59258  -108.084    -6.767     0.239     0.096
2021   2  14   59259  -108.104    -6.728     0.241     0.098
2021   2  15   59260  -108.193    -6.652     0.244     0.099
2021   2  16   59261  -108.366    -6.610     0.246     0.100
2021   2  17   59262  -108.536    -6.606     0.249     0.102
2021   2  18   59263  -108.669    -6.586     0.254     0.104
2021   2  19   59264  -108.704    -6.521     0.256     0.107
2021   2  20   59265  -108.603    -6.534     0.259     0.109
2021   2  21   59266  -108.490    -6.656     0.264     0.112
2021   2  22   59267  -108.387    -6.899     0.266     0.115
2021   2  23   59268  -108.274    -7.237     0.271     0.118
2021   2  24   59269  -108.271    -7.557     0.274     0.121
2021   2  25   59270  -108.285    -7.804     0.277     0.123
2021   2  26   59271  -108.145    -7.894     0.282     0.125
2021   2  27   59272  -107.687    -7.757     0.284     0.126
2021   2  28   59273  -107.188    -7.498     0.289     0.127
2021   3   1   59274  -107.024    -7.321     0.292     0.128


 3 - EARTH ANGULAR VELOCITY : DAILY FINAL VALUES OF LOD, OMEGA AT 0hUTC
 
 LOD     : Excess of the Length of day - 86400 s TAI 
 OMEGA   : Earth angular velocity  
 Description: ftp://hpiers.obspm.fr/iers/bul/bulb_new/bulletinb.pdf
 
    DATE        MJD     LOD     sigma      OMEGA           sigma        
 (0 h UTC)              ms       ms        mas/ms          mas/ms

2021   2   2   59247  0.6019  0.0073  15.04106707389    0.00000000127 
2021   2   3   59248  0.6439  0.0073  15.04106706658    0.00000000127 
2021   2   4   59249  0.5490  0.0073  15.04106708310    0.00000000127 
2021   2   5   59250  0.3550  0.0073  15.04106711687    0.00000000127 
2021   2   6   59251  0.1374  0.0073  15.04106715475    0.00000000127 
2021   2   7   59252 -0.0406  0.0074  15.04106718574    0.00000000129 
2021   2   8   59253 -0.1406  0.0072  15.04106720315    0.00000000125 
2021   2   9   59254 -0.1271  0.0072  15.04106720080    0.00000000125 
2021   2  10   59255 -0.0444  0.0073  15.04106718640    0.00000000127 
2021   2  11   59256  0.0908  0.0073  15.04106716286    0.00000000127 
2021   2  12   59257  0.2396  0.0073  15.04106713696    0.00000000127 
2021   2  13   59258  0.4123  0.0074  15.04106710689    0.00000000129 
2021   2  14   59259  0.5143  0.0074  15.04106708914    0.00000000129 
2021   2  15   59260  0.5197  0.0073  15.04106708820    0.00000000127 
2021   2  16   59261  0.4778  0.0073  15.04106709549    0.00000000127 
2021   2  17   59262  0.3633  0.0074  15.04106711542    0.00000000129 
2021   2  18   59263  0.1677  0.0074  15.04106714948    0.00000000129 
2021   2  19   59264 -0.0263  0.0074  15.04106718325    0.00000000129 
2021   2  20   59265 -0.2145  0.0073  15.04106721601    0.00000000127 
2021   2  21   59266 -0.4374  0.0073  15.04106725482    0.00000000127 
2021   2  22   59267 -0.5628  0.0073  15.04106727665    0.00000000127 
2021   2  23   59268 -0.6244  0.0073  15.04106728737    0.00000000127 
2021   2  24   59269 -0.5855  0.0072  15.04106728060    0.00000000125 
2021   2  25   59270 -0.3937  0.0072  15.04106724721    0.00000000125 
2021   2  26   59271 -0.1387  0.0072  15.04106720282    0.00000000125 
2021   2  27   59272  0.1377  0.0072  15.04106715470    0.00000000125 
2021   2  28   59273  0.3809  0.0065  15.04106711236    0.00000000113 
2021   3   1   59274  0.5501  0.0072  15.04106708291    0.00000000125 


 4 - INFORMATION ON TIME SCALES 
     
         
     TAI - UTC = 37 s.         during period [59247-59274]

     No leap second introduced during period [59247-59274]

     All information concerning time scales : 
	 - leap seconds announcements : Bulletin C 
	 - DUT1 announcements (UT1-UTC with 0.1 s accuracy) : Bulletin D
      can be found at : 
         - web site : http://hpiers.obspm.fr/eop-pc/
         - anonymous ftp://hpiers.obspm.fr/iers/ 


 5 - SUMMARY OF CONTRIBUTED EARTH ORIENTATION PARAMETERS SERIES
 This section gives the average precision of the individual series, some of them
 contributing to the combination (*) and their average agreement with it. 
 The period covered is that one of Bulletin B. 
 
    Units :  micro-arc-seconds for x/y/dX/dY        micro-seconds for UT1/LOD
-----------------------------------------------------------------------------
  EOP series             first line  : Mean  formal  uncertainty
  Periods covered        second line : Weighted RMS agreement with Bulletin B
-----------------------------------------------------------------------------
                                x     y    UT1   LOD   dX    dY   Data Number		

 VLBI Standards

 CGS       
 cgs2007a.eops                153   137    13     -     0     0       9
 59247.16 to 59271.31         601   242    43     -   172   701

 BKG       
 bkg00020a.eops                80    89     3     -    21    61       9
 59247.21 to 59271.27         187   159    13     -   103    66

 GSFC      
 gsf2020a.eoxy                 72    62     3     8    22    60       9
 59247.21 to 59271.27         111    90    13    21    91    37

 USNO      
 usn2020b.eoxy                 63    54     2     -    21    54       2
 59250.27 to 59257.27          17    43    12     -    57    37

 IVS      *
 ivs20r1X.eops                 27    27     1     -     9    26       8
 59247.21 to 59271.28          71    72    11     -     9    10


 VLBI Intensive

 GSI      *
 gsiint2c.eopi                  -     -     5     -     -     -       7
 59251.33 to 59273.33           -     -    28     -     -     -

 BKG      *
 bkg2020.eopi                   -     -    14     -     -     -      26
 59247.79 to 59273.33           -     -    32     -     -     -

 GSFC     *
 gsf2020a.eopi                  -     -    13     -     -     -      25
 59247.79 to 59273.33           -     -    30     -     -     -

 IAA      *
 iaa2021a.eopi                  -     -    42     -     -     -      27
 59247.79 to 59273.33           -     -    43     -     -     -

 USNO     *
 usn2020d.eopi                  -     -    14     -     -     -      48
 59247.75 to 59273.79           -     -    39     -     -     -


 GPS

 CODE      
 COD*ERP_R                      5     5     -     0     -     -      27
 59247.50 to 59273.50          19    24     -    14     -     -

 JPL       
 jpl*.erp                       9    11     -     6     -     -      27
 59247.50 to 59273.50          24    25     -    20     -     -

 GFZ       
 gfz*.erp                       6     6     -     1     -     -      27
 59247.50 to 59273.50          24    29     -    12     -     -

 ESOC      
 esa*.erp                       8     9     -     3     -     -      27
 59247.50 to 59273.50          27    30     -    12     -     -

 SIO       
 sio*.erp  siu*.erp            34    31     -     5     -     -      14
 59247.50 to 59273.50          39    38     -    23     -     -

 EMR       
 emr*.erp                       4     3     -     1     -     -      27
 59247.50 to 59273.50          38    45     -    15     -     -

 IAA       
 gnss.res                       0     0     -     0     -     -      26
 59247.50 to 59273.50         135   134     -    37     -     -

 GRGS      
 grg*.erp                     229   229     -     0     -     -      27
 59247.50 to 59273.50          21    29     -    10     -     -

 ASI       
 asi*.erp                       8     8     -     0     -     -      15
 59252.50 to 59273.50          40    31     -    50     -     -

 MIT       
 mit*.erp                      13    12     -     1     -     -      27
 59247.50 to 59273.50          28    31     -    18     -     -

 IGR      *
 igs96p02.erp                  11    10     -     2     -     -      27
 59247.50 to 59273.50          15    23     -    10     -     -

 IGS      *
 igs00p03.erp                   3     3     -     0     -     -      27
 59247.50 to 59273.50          22    25     -    14     -     -


 SLR

 MCC       
 tg*.02                       187   217     -    31     -     -      28
 59247.00 to 59274.00          98   175     -    84     -     -

 IAA       
 slr_v.dat                     66    70     -     5     -     -      28
 59247.00 to 59274.00         224   185     -    22     -     -

 ILRS     *
 ilrsa.eop                     55    57     -     9     -     -      27
 59247.50 to 59273.50         137   174     -    23     -     -


 BULLETIN A

 NEOS      
 mark3.out                     20    19     4     -     -     -      28
 59247.00 to 59274.00          45    31    31     -     -     -

To unsubscribe : http://hpiers.obspm.fr/eop-pc/products/bulletins/bulletin_registration.html