                                                                BULLETIN B 322
                                        			1 Decembre 2014   
    
 Contents are described in ftp://hpiers.obspm.fr/iers/bul/bulb_new/bulletinb.pdf 
	
 1 - DAILY FINAL VALUES OF x, y, UT1-UTC, dX, dY
 Angular unit is milliarcsecond (mas), time unit is millisecond (ms). 
 Upgraded solution from February 1 2011 - consistent with ITRF 2008.
 
       DATE     MJD       x       y      UT1-UTC      dX     dY     x err    y err   UT1 err  X err  Y err
    (0 h UTC)            mas     mas       ms         mas    mas     mas      mas      ms     mas     mas

 Final values 

 Mean formal error      0.070    0.066    0.0102    0.054  0.060 
 
2014  10   2   56932  187.956  287.386 -352.0541   -0.115 -0.116    0.044    0.045    0.0082  0.074  0.043
2014  10   3   56933  186.389  286.356 -352.9071   -0.121 -0.146    0.047    0.044    0.0103  0.067  0.046
2014  10   4   56934  184.585  285.100 -354.0090   -0.130 -0.180    0.046    0.047    0.0068  0.060  0.048
2014  10   5   56935  182.947  283.920 -355.3203   -0.144 -0.217    0.117    0.120    0.0075  0.053  0.051
2014  10   6   56936  180.779  282.637 -356.7873   -0.161 -0.256    0.166    0.156    0.0072  0.046  0.054
2014  10   7   56937  178.546  281.129 -358.3098   -0.181 -0.296    0.152    0.093    0.0023  0.039  0.057
2014  10   8   56938  176.423  279.499 -359.9090    0.006  0.001    0.156    0.093    0.0062  0.084  0.082
2014  10   9   56939  174.485  277.995 -361.4646    0.006  0.001    0.155    0.127    0.0104  0.096  0.088
2014  10  10   56940  172.103  276.889 -362.8205    0.006  0.001    0.121    0.133    0.0089  0.096  0.088
2014  10  11   56941  169.489  275.710 -363.9987    0.006  0.001    0.065    0.153    0.0142  0.096  0.088
2014  10  12   56942  167.093  274.277 -365.0981    0.006  0.001    0.078    0.143    0.0077  0.096  0.088
2014  10  13   56943  164.890  272.948 -366.0845   -0.255 -0.206    0.040    0.045    0.0077  0.090  0.054
2014  10  14   56944  163.203  271.598 -367.0167   -0.280 -0.207    0.037    0.045    0.0075  0.099  0.053
2014  10  15   56945  161.813  270.633 -367.9266   -0.230 -0.181    0.038    0.042    0.0262  0.046  0.068
2014  10  16   56946  160.357  269.562 -368.8523   -0.254 -0.169    0.041    0.039    0.0105  0.040  0.059
2014  10  17   56947  158.884  268.422 -369.8265   -0.264 -0.149    0.041    0.040    0.0127  0.034  0.050
2014  10  18   56948  157.651  267.426 -370.7948   -0.259 -0.123    0.042    0.047    0.0085  0.028  0.041
2014  10  19   56949  156.177  266.392 -371.8466   -0.242 -0.094    0.043    0.051    0.0052  0.022  0.032
2014  10  20   56950  154.958  265.161 -373.0119   -0.200 -0.064    0.041    0.050    0.0051  0.017  0.027
2014  10  21   56951  153.574  264.153 -374.2853   -0.180 -0.036    0.040    0.048    0.0013  0.010  0.017
2014  10  22   56952  152.558  263.215 -375.6440   -0.193 -0.039    0.040    0.043    0.0130  0.015  0.024
2014  10  23   56953  151.228  262.577 -377.0165   -0.214 -0.052    0.041    0.043    0.0087  0.022  0.036
2014  10  24   56954  149.374  261.563 -378.3068   -0.234 -0.069    0.042    0.040    0.0094  0.029  0.047
2014  10  25   56955  147.315  260.313 -379.4935   -0.249 -0.087    0.041    0.042    0.0154  0.037  0.058
2014  10  26   56956  144.800  259.081 -380.5876   -0.257 -0.103    0.041    0.049    0.0343  0.044  0.070
2014  10  27   56957  142.599  257.845 -381.6146   -0.257 -0.140    0.092    0.040    0.0168  0.068  0.110
2014  10  28   56958  140.679  257.127 -382.5948   -0.253 -0.132    0.160    0.043    0.0025  0.064  0.098
2014  10  29   56959  138.887  256.743 -383.6041   -0.248 -0.132    0.054    0.051    0.0067  0.055  0.084
2014  10  30   56960  137.040  256.321 -384.6753   -0.245 -0.130    0.052    0.045    0.0117  0.051  0.076
2014  10  31   56961  134.912  256.031 -385.8180   -0.238 -0.123    0.053    0.048    0.0147  0.046  0.068
2014  11   1   56962  132.543  255.442 -387.1212   -0.226 -0.113    0.051    0.050    0.0091  0.041  0.060

 Preliminary extension 
2014  11   2   56963  130.232  254.603 -388.6438   -0.210 -0.100    0.052    0.049    0.0048  0.037  0.053
2014  11   3   56964  128.106  253.633 -390.3273   -0.191 -0.085    0.053    0.054    0.0053  0.033  0.045
2014  11   4   56965  126.584  253.039 -392.0251   -0.171 -0.070    0.053    0.055    0.0017  0.028  0.037
2014  11   5   56966  125.129  253.021 -393.6561    0.006  0.000    0.051    0.046    0.0061  0.091  0.078
2014  11   6   56967  123.828  253.034 -395.1725    0.006  0.000    0.048    0.043    0.0106  0.107  0.089
2014  11   7   56968  122.195  252.688 -396.5421    0.006  0.000    0.045    0.040    0.0069  0.107  0.089
2014  11   8   56969  120.669  252.127 -397.7470    0.006  0.000    0.047    0.043    0.0069  0.107  0.089
2014  11   9   56970  118.619  251.854 -398.7628    0.006  0.001    0.077    0.091    0.0093  0.107  0.089
2014  11  10   56971  116.107  251.425 -399.6750    0.007  0.001    0.101    0.112    0.0077  0.107  0.089
2014  11  11   56972  113.513  251.114 -400.5273    0.006  0.001    0.097    0.126    0.0043  0.107  0.089
2014  11  12   56973  111.358  251.040 -401.3638    0.006  0.001    0.105    0.143    0.0045  0.107  0.089
2014  11  13   56974  110.035  251.241 -402.2740    0.006  0.000    0.154    0.122    0.0054  0.107  0.089
2014  11  14   56975  109.002  251.456 -403.2269    0.006  0.000    0.197    0.110    0.0036  0.107  0.089
2014  11  15   56976  107.372  251.849 -404.2298    0.006  0.001    0.168    0.110    0.0055  0.107  0.089
2014  11  16   56977  105.223  252.110 -405.2775    0.006  0.001    0.133    0.111    0.0043  0.107  0.089
2014  11  17   56978  103.139  252.295 -406.4394    0.006  0.000    0.122    0.123    0.0034  0.107  0.089
2014  11  18   56979  101.210  252.914 -407.6849    0.006  0.001    0.114    0.163    0.0043  0.107  0.089
2014  11  19   56980   98.833  253.496 -408.9463    0.006  0.001    0.106    0.178    0.0058  0.107  0.089
2014  11  20   56981   96.654  253.765 -410.1803    0.006  0.001    0.080    0.121    0.0068  0.107  0.089
2014  11  21   56982   94.817  254.065 -411.3395    0.006  0.001    0.097    0.079    0.0071  0.107  0.089
2014  11  22   56983   93.072  254.333 -412.4395    0.007  0.001    0.138    0.105    0.0064  0.107  0.089
2014  11  23   56984   91.104  254.318 -413.4984    0.007  0.001    0.146    0.125    0.0066  0.107  0.089
2014  11  24   56985   89.553  254.063 -414.5402    0.006  0.001    0.151    0.129    0.0046  0.107  0.089
2014  11  25   56986   88.595  253.836 -415.5313    0.006  0.001    0.179    0.118    0.0133  0.107  0.089
2014  11  26   56987   87.603  254.033 -416.5274    0.006  0.001    0.189    0.107    0.0133  0.107  0.089
2014  11  27   56988   86.808  254.302 -417.5125    0.006  0.001    0.288    0.237    0.0133  0.107  0.089
2014  11  28   56989   85.843  254.657 -418.7157    0.006  0.001  999.000  999.000  999.0000 999.000 999.000
2014  11  29   56990   84.783  254.926 -420.0753    0.006  0.001  999.000  999.000  999.0000 999.000 999.000
2014  11  30   56991   83.379  255.190 -421.5798    0.007  0.001  999.000  999.000  999.0000 999.000 999.000
2014  12   1   56992   81.852  255.590 -423.1561    0.006  0.001  999.000  999.000  999.0000 999.000 999.000
 
	
 2 - DAILY FINAL VALUES OF CELESTIAL POLE OFFSETS dPsi1980 & dEps1980
  dPsi1980   dEps1980 ....dPsi,dEps / IAU 1980 precession-nutation model      
 Description : ftp://hpiers.obspm.fr/iers/bul/bulb_new/bulletinb.pdf
 The Reference Systems are described in the 2006 IERS Annual Report.
 
       DATE     MJD    dPsi1980   dEps1980  sig dPsi  sig dEps   
    (0 h UTC)             mas        mas      mas       mas   

2014  10   2   56932   -93.483   -13.188     0.187     0.043
2014  10   3   56933   -93.419   -13.263     0.169     0.046
2014  10   4   56934   -93.350   -13.263     0.151     0.048
2014  10   5   56935   -93.395   -13.116     0.133     0.051
2014  10   6   56936   -93.521   -12.892     0.115     0.054
2014  10   7   56937   -93.546   -12.785     0.098     0.057
2014  10   8   56938   -92.841   -12.548     0.211     0.082
2014  10   9   56939   -92.562   -12.667     0.242     0.088
2014  10  10   56940   -92.520   -12.611     0.242     0.088
2014  10  11   56941   -92.736   -12.349     0.242     0.088
2014  10  12   56942   -92.909   -12.088     0.242     0.088
2014  10  13   56943   -93.433   -12.256     0.227     0.054
2014  10  14   56944   -93.116   -12.467     0.249     0.053
2014  10  15   56945   -92.584   -12.752     0.116     0.068
2014  10  16   56946   -92.304   -12.985     0.100     0.059
2014  10  17   56947   -92.021   -13.066     0.085     0.050
2014  10  18   56948   -91.757   -13.014     0.070     0.041
2014  10  19   56949   -91.604   -12.882     0.055     0.032
2014  10  20   56950   -91.543   -12.708     0.042     0.027
2014  10  21   56951   -91.581   -12.502     0.026     0.017
2014  10  22   56952   -91.662   -12.291     0.038     0.024
2014  10  23   56953   -91.760   -12.080     0.056     0.036
2014  10  24   56954   -91.894   -11.925     0.074     0.047
2014  10  25   56955   -91.980   -11.887     0.092     0.058
2014  10  26   56956   -91.888   -11.964     0.110     0.070
2014  10  27   56957   -91.627   -12.101     0.172     0.110
2014  10  28   56958   -91.387   -12.140     0.160     0.098
2014  10  29   56959   -91.317   -12.107     0.138     0.084
2014  10  30   56960   -91.382   -12.039     0.127     0.076
2014  10  31   56961   -91.403   -11.974     0.115     0.068
2014  11   1   56962   -91.288   -11.879     0.104     0.060

 
 3 - EARTH ANGULAR VELOCITY : DAILY FINAL VALUES OF LOD, OMEGA AT 0hUTC
 
 LOD     : Excess of the Length of day - 86400 s TAI 
 OMEGA   : Earth angular velocity  
 Description: ftp://hpiers.obspm.fr/iers/bul/bulb_new/bulletinb.pdf
 
    DATE        MJD     LOD     sigma      OMEGA           sigma        
 (0 h UTC)              ms       ms        mas/ms          mas/ms

2014  10   2   56932  0.8158  0.0113  15.04106703665    0.00000000197 
2014  10   3   56933  0.9631  0.0117  15.04106701101    0.00000000204 
2014  10   4   56934  1.1566  0.0120  15.04106697732    0.00000000209 
2014  10   5   56935  1.3443  0.0147  15.04106694465    0.00000000256 
2014  10   6   56936  1.4802  0.0178  15.04106692099    0.00000000310 
2014  10   7   56937  1.5691  0.0183  15.04106690551    0.00000000319 
2014  10   8   56938  1.5736  0.0211  15.04106690473    0.00000000367 
2014  10   9   56939  1.4499  0.0255  15.04106692626    0.00000000444 
2014  10  10   56940  1.2442  0.0251  15.04106696207    0.00000000437 
2014  10  11   56941  1.1122  0.0185  15.04106698505    0.00000000322 
2014  10  12   56942  1.0341  0.0230  15.04106699865    0.00000000400 
2014  10  13   56943  0.9275  0.0111  15.04106701721    0.00000000193 
2014  10  14   56944  0.8701  0.0109  15.04106702720    0.00000000190 
2014  10  15   56945  0.9070  0.0104  15.04106702077    0.00000000181 
2014  10  16   56946  0.9337  0.0100  15.04106701613    0.00000000174 
2014  10  17   56947  0.9569  0.0102  15.04106701209    0.00000000178 
2014  10  18   56948  1.0416  0.0103  15.04106699734    0.00000000179 
2014  10  19   56949  1.1161  0.0105  15.04106698437    0.00000000183 
2014  10  20   56950  1.1923  0.0108  15.04106697111    0.00000000188 
2014  10  21   56951  1.2885  0.0104  15.04106695436    0.00000000181 
2014  10  22   56952  1.3639  0.0099  15.04106694123    0.00000000172 
2014  10  23   56953  1.3355  0.0105  15.04106694618    0.00000000183 
2014  10  24   56954  1.2539  0.0109  15.04106696038    0.00000000190 
2014  10  25   56955  1.1371  0.0108  15.04106698072    0.00000000188 
2014  10  26   56956  1.0363  0.0107  15.04106699826    0.00000000186 
2014  10  27   56957  0.9852  0.0106  15.04106700716    0.00000000185 
2014  10  28   56958  0.9811  0.0106  15.04106700787    0.00000000185 
2014  10  29   56959  1.0379  0.0111  15.04106699799    0.00000000193 
2014  10  30   56960  1.1158  0.0110  15.04106698442    0.00000000191 
2014  10  31   56961  1.1950  0.0107  15.04106697064    0.00000000186 
2014  11   1   56962  1.3869  0.0093  15.04106693723    0.00000000162 


 4 - INFORMATION ON TIME SCALES 
     
     
    
     TAI - UTC = 35 s.         during period [56932-56962]

     No leap second introduced during period [56932-56962]

     All information concerning time scales : 
	 - leap seconds announcements : Bulletin C 
	 - DUT1 announcements (UT1-UTC with 0.1 s accuracy) : Bulletin D
      can be found at : 
         - web site : http://hpiers.obspm.fr/eop-pc/
         - anonymous ftp : hpiers.obspm.fr/iers/ or 145.238.100.28


 5 - SUMMARY OF CONTRIBUTED EARTH ORIENTATION PARAMETERS SERIES
 This section gives the average precision of the individual series, some of them
 contributing to the combination (*) and their average agreement with it. 
 The period covered is that one of Bulletin B. 
 
    Units :  micro-arc-seconds for x/y/dX/dY        micro-seconds for UT1/LOD
-----------------------------------------------------------------------------
  EOP series             first line  : Mean  formal  uncertainty
  Periods covered        second line : Weighted RMS agreement with Bulletin B
-----------------------------------------------------------------------------
                                x     y    UT1   LOD   dX    dY   Data Number		

 VLBI Standards

 AUS       
 aus00007.eops                206   165    13     -   129   150       7
 56932.27 to 56958.21         379   235    26     -   290   204

 BKG       
 bkg00014.eops                107    89     6     -    47    47      10
 56932.27 to 56961.27         100   130    15     -    50    79

 GSFC      
 gsf2014a.eops                 56    55     3     7    36    38      10
 56932.27 to 56961.27         137   118    15    16    47    65

 IAA       
 iaa2007a.eops                 52    56     3     -    41    38       9
 56932.27 to 56961.27         199   108    28     -    53    49

 USNO      
 usn2014.eops                  80    85     5     -    71    78       9
 56932.27 to 56961.27          93   147    16     -    67   140

 IVS      *
 ivs07r1e.eops                 16    16     1     -     7    22       9
 56932.27 to 56961.27         106   232    14     -    38    53


 VLBI Intensive

 BKG      *
 bkgint14.eopi                  -     -    16     -     -     -      32
 56932.80 to 56961.80           -     -    17     -     -     -

 GSFC     *
 gsf2014a.eopi                  -     -    18     -     -     -      30
 56932.80 to 56961.80           -     -    22     -     -     -

 IAA      *
 iaa2005a.eopi                  -     -    20     -     -     -      21
 56932.80 to 56961.80           -     -    22     -     -     -

 PUL       
 pul2010a.eopi                  -     -    21     -     -     -      24
 56932.80 to 56961.80           -     -    25     -     -     -

 USNO     *
 usn2014.eopi                   -     -    22     -     -     -      32
 56932.80 to 56961.80           -     -    80     -     -     -


 GPS

 CODE      
 cod*.erp                       6     6     -     0     -     -      30
 56932.50 to 56961.50          26    31     -     5     -     -

 JPL       
 jpl*.erp                       8     9     -     7     -     -      30
 56932.50 to 56961.50          30    34     -    12     -     -

 GFZ       
 gfz*.erp                       6     6     -     1     -     -      30
 56932.50 to 56961.50          41    31     -    23     -     -

 ESOC      
 esa*.erp                       8     9     -     3     -     -      30
 56932.50 to 56961.50          28    29     -     7     -     -

 NOAA      
 ngs*.erp                       2     2     -     0     -     -      30
 56932.50 to 56961.50          67    54     -     9     -     -

 SIO       
 sio*.erp siu*.erp             21    20     -     9     -     -      36
 56932.50 to 56961.50          23    29     -    13     -     -

 EMR       
 emr*.erp                      29    29     -     9     -     -      30
 56932.50 to 56961.50          29    32     -    23     -     -

 IAA       
 gps_iaa_*.eop                  4     4     -     0     -     -      30
 56932.50 to 56961.50          80    50     -    13     -     -

 MIT       
 mit*.erp                      12    12     -     2     -     -      30
 56932.50 to 56961.50          26    29     -     8     -     -

 IGR      *
 igs96p02.erp                  12    16     -     4     -     -      30
 56932.50 to 56961.50          23    21     -     7     -     -

 IGS      *
 igs00p03.erp                   6     7     -     1     -     -      30
 56932.50 to 56961.50          18    24     -     7     -     -


 SLR

 MCC       
 tg*.02                       155   154     -    28     -     -      26
 56932.00 to 56961.00         141    96     -   162     -     -

 IAA       
 slr_iaa_*.eop                 58    52     -     3     -     -      31
 56932.00 to 56962.00         127   148     -    21     -     -

 CGS       
 asi*.eop                      60    58     -    13     -     -      30
 56932.50 to 56961.50         180   145     -    46     -     -

 ILRS     *
 ilrsa.eop                     33    33     -     8     -     -      19
 56932.50 to 56950.50          76    83     -    19     -     -


 BULLETIN A

 NEOS      
 mark3.out                     30    25     6     -     -     -      31
 56932.00 to 56962.00          31    26    16     -     -     -

To unsubscribe : http://hpiers.obspm.fr/eop-pc/products/bulletins/bulletin_registration.html