                                                                BULLETIN B 305
                                        			1 July 2013   
    
 Contents are described in ftp://hpiers.obspm.fr/iers/bul/bulb_new/bulletinb.pdf 
	
 1 - DAILY FINAL VALUES OF x, y, UT1-UTC, dX, dY
 Angular unit is milliarcsecond (mas), time unit is millisecond (ms). 
 Upgraded solution from February 1 2011 - consistent with ITRF 2008.
 
       DATE     MJD       x       y      UT1-UTC      dX     dY     x err    y err   UT1 err  X err  Y err
    (0 h UTC)            mas     mas       ms         mas    mas     mas      mas      ms     mas     mas

 Final values 

 Mean formal error      0.031    0.037    0.0095    0.088  0.119 
 
2013   5   2   56414   70.598  396.865  110.8968    0.051 -0.261    0.020    0.031    0.0025  0.044  0.072
2013   5   3   56415   72.196  397.607  109.2979    0.051 -0.241    0.022    0.031    0.0013  0.046  0.078
2013   5   4   56416   73.931  398.142  107.6280    0.062 -0.202    0.020    0.031    0.0133  0.047  0.077
2013   5   5   56417   75.382  398.690  105.9460    0.080 -0.156    0.020    0.031    0.0024  0.047  0.073
2013   5   6   56418   76.730  399.162  104.2827    0.098 -0.109    0.021    0.033    0.0053  0.047  0.069
2013   5   7   56419   77.713  399.520  102.6651    0.123 -0.072    0.021    0.033    0.0059  0.047  0.065
2013   5   8   56420   78.800  399.676  101.1258    0.147 -0.041    0.020    0.032    0.0013  0.045  0.059
2013   5   9   56421   80.181  400.159   99.7499    0.097 -0.090    0.017    0.032    0.0136  0.084  0.101
2013   5  10   56422   81.796  400.479   98.5505    0.028 -0.164    0.020    0.032    0.0021  0.131  0.156
2013   5  11   56423   84.201  400.858   97.4696    0.054 -0.180    0.022    0.032    0.0131  0.127  0.151
2013   5  12   56424   86.355  401.440   96.4810    0.114 -0.173    0.020    0.032    0.0031  0.102  0.123
2013   5  13   56425   88.272  402.161   95.5606    0.166 -0.149    0.022    0.032    0.0034  0.082  0.103
2013   5  14   56426   89.509  403.203   94.6677    0.218 -0.142    0.024    0.032    0.0015  0.056  0.073
2013   5  15   56427   90.692  403.960   93.7434    0.183 -0.224    0.022    0.033    0.0164  0.054  0.075
2013   5  16   56428   91.140  404.564   92.7334    0.124 -0.325    0.022    0.033    0.0061  0.059  0.088
2013   5  17   56429   91.633  404.720   91.6057    0.062 -0.418    0.022    0.033    0.0013  0.063  0.101
2013   5  18   56430   92.305  404.886   90.3432    0.089 -0.442    0.022    0.033    0.0170  0.063  0.100
2013   5  19   56431   93.357  404.814   88.9580    0.152 -0.430    0.024    0.033    0.0031  0.062  0.093
2013   5  20   56432   94.835  404.856   87.4807    0.109 -0.393    0.020    0.030    0.0031  0.128  0.171
2013   5  21   56433   96.650  405.103   85.9534    0.129 -0.354    0.020    0.030    0.0026  0.152  0.195
2013   5  22   56434   98.108  405.783   84.4501    0.145 -0.310    0.021    0.027    0.0040  0.171  0.218
2013   5  23   56435   99.430  406.575   83.0146    0.149 -0.249    0.021    0.027    0.1122  0.146  0.196
2013   5  24   56436  100.669  407.104   81.7241    0.145 -0.186    0.019    0.027    0.0018  0.109  0.162
2013   5  25   56437  101.490  407.171   80.5331    0.106 -0.193    0.017    0.027    0.0250  0.101  0.154
2013   5  26   56438  102.327  407.199   79.4448    0.053 -0.224    0.304    0.234    0.0054  0.105  0.156
2013   5  27   56439  102.864  407.246   78.4812   -0.009 -0.245    0.026    0.030    0.0031  0.114  0.159
2013   5  28   56440  103.517  407.139   77.5747   -0.057 -0.278    0.026    0.034    0.0026  0.118  0.161
2013   5  29   56441  104.118  407.196   76.6735   -0.094 -0.310    0.025    0.032    0.0019  0.118  0.153
2013   5  30   56442  104.913  407.053   75.7525   -0.087 -0.262    0.028    0.031    0.0112  0.107  0.133
2013   5  31   56443  106.353  406.900   74.8141   -0.059 -0.192    0.028    0.031    0.0016  0.092  0.107
2013   6   1   56444  108.309  406.628   73.9569   -0.001 -0.158    0.028    0.031    0.0081  0.084  0.096

 Preliminary extension 
2013   6   2   56445  110.225  406.481   73.2060    0.068 -0.139    0.028    0.031    0.0030  0.077  0.091
2013   6   3   56446  111.851  406.341   72.5268    0.136 -0.127    0.024    0.031    0.0029  0.071  0.086
2013   6   4   56447  113.252  405.958   71.9149    0.197 -0.121    0.024    0.031    0.0013  0.065  0.082
2013   6   5   56448  114.182  405.385   71.4329    0.152 -0.154    0.024    0.031    0.0166  0.064  0.086
2013   6   6   56449  114.599  404.596   71.0755    0.073 -0.197    0.024    0.031    0.0057  0.064  0.094
2013   6   7   56450  115.049  403.766   70.7856   -0.011 -0.237    0.024    0.032    0.0014  0.064  0.101
2013   6   8   56451  115.648  402.895   70.6155   -0.001 -0.261    0.024    0.031    0.0225  0.063  0.099
2013   6   9   56452  116.362  402.085   70.5147    0.045 -0.270    0.342    0.160    0.0032  0.062  0.094
2013   6  10   56453  117.366  401.394   70.3967    0.090 -0.268    0.536    0.275    0.0046  0.060  0.089
2013   6  11   56454  118.334  401.059   70.2338    0.135 -0.256    0.646    0.262    0.0021  0.059  0.084
2013   6  12   56455  119.260  400.648   69.9878    0.004  0.002    0.660    0.249    0.0187  0.093  0.081
2013   6  13   56456  120.705  400.033   69.6353    0.004  0.002    0.522    0.341    0.0152  0.101  0.081
2013   6  14   56457  122.372  399.537   69.1529    0.004  0.002    0.440    0.511    0.0219  0.101  0.081
2013   6  15   56458  123.903  398.905   68.5436    0.004  0.001    0.261    0.563    0.0136  0.101  0.081
2013   6  16   56459  125.658  398.595   67.8190    0.004  0.002    0.261    0.498    0.0111  0.101  0.081
2013   6  17   56460  127.414  398.262   67.0049    0.004  0.001    0.344    0.524    0.0132  0.101  0.081
2013   6  18   56461  129.261  397.927   66.1527    0.004  0.002    0.426    0.472    0.0156  0.101  0.081
2013   6  19   56462  131.165  397.703   65.2995    0.004  0.002    0.399    0.502    0.0158  0.101  0.081
2013   6  20   56463  132.618  397.542   64.4876    0.004  0.002    0.605    0.476    0.0120  0.101  0.081
2013   6  21   56464  134.118  397.069   63.7849    0.004  0.001    0.619    0.275    0.0151  0.101  0.081
2013   6  22   56465  135.310  396.454   63.1627    0.004  0.001    0.423    0.288    0.0110  0.101  0.081
2013   6  23   56466  136.136  395.974   62.5695    0.004  0.002    0.526    0.439    0.0053  0.101  0.081
2013   6  24   56467  136.441  395.546   62.0146    0.004  0.002    0.361    0.470    0.0179  0.101  0.081
2013   6  25   56468  136.985  395.002   61.3907    0.004  0.002    0.246    0.345    0.0327  0.101  0.081
2013   6  26   56469  137.539  394.272   60.6452    0.004  0.002    1.150    1.018    0.0617  0.101  0.081
2013   6  27   56470  138.502  393.594   59.8211    0.004  0.002    1.182    0.980    0.0617  0.101  0.081
2013   6  28   56471  139.603  392.817   58.9206    0.004  0.002  999.000  999.000  999.0000 999.000 999.000
2013   6  29   56472  140.846  392.068   58.1450    0.004  0.002  999.000  999.000  999.0000 999.000 999.000
2013   6  30   56473  141.817  391.268   57.5432    0.004  0.002  999.000  999.000  999.0000 999.000 999.000
2013   7   1   56474  142.884  390.546   57.1277    0.004  0.002  999.000  999.000  999.0000 999.000 999.000
 
	
 2 - DAILY FINAL VALUES OF CELESTIAL POLE OFFSETS dPsi1980 & dEps1980
  dPsi1980   dEps1980 ....dPsi,dEps / IAU 1980 precession-nutation model      
 Description : ftp://hpiers.obspm.fr/iers/bul/bulb_new/bulletinb.pdf
 The Reference Systems are described in the 2006 IERS Annual Report.
 
       DATE     MJD    dPsi1980   dEps1980  sig dPsi  sig dEps   
    (0 h UTC)             mas        mas      mas       mas   

2013   5   2   56414   -74.305   -13.583     0.111     0.072
2013   5   3   56415   -74.412   -13.538     0.115     0.078
2013   5   4   56416   -74.345   -13.484     0.117     0.077
2013   5   5   56417   -74.147   -13.400     0.118     0.073
2013   5   6   56418   -74.011   -13.288     0.118     0.069
2013   5   7   56419   -74.044   -13.182     0.119     0.065
2013   5   8   56420   -74.202   -13.129     0.114     0.059
2013   5   9   56421   -74.522   -13.251     0.210     0.101
2013   5  10   56422   -74.794   -13.488     0.330     0.156
2013   5  11   56423   -74.745   -13.678     0.318     0.151
2013   5  12   56424   -74.543   -13.775     0.256     0.123
2013   5  13   56425   -74.316   -13.780     0.206     0.103
2013   5  14   56426   -74.133   -13.792     0.140     0.073
2013   5  15   56427   -74.297   -13.912     0.137     0.075
2013   5  16   56428   -74.570   -14.007     0.148     0.088
2013   5  17   56429   -74.681   -13.983     0.159     0.101
2013   5  18   56430   -74.348   -13.836     0.159     0.100
2013   5  19   56431   -73.988   -13.744     0.155     0.093
2013   5  20   56432   -74.269   -13.770     0.322     0.171
2013   5  21   56433   -74.724   -13.780     0.381     0.195
2013   5  22   56434   -75.198   -13.587     0.429     0.218
2013   5  23   56435   -75.490   -13.240     0.367     0.196
2013   5  24   56436   -75.613   -13.048     0.273     0.162
2013   5  25   56437   -75.706   -13.240     0.254     0.154
2013   5  26   56438   -75.745   -13.587     0.263     0.156
2013   5  27   56439   -75.775   -13.763     0.286     0.159
2013   5  28   56440   -75.818   -13.735     0.296     0.161
2013   5  29   56441   -75.931   -13.643     0.296     0.153
2013   5  30   56442   -76.061   -13.507     0.269     0.133
2013   5  31   56443   -76.284   -13.366     0.232     0.107
2013   6   1   56444   -76.467   -13.268     0.210     0.096

 
 3 - EARTH ANGULAR VELOCITY : DAILY FINAL VALUES OF LOD, OMEGA AT 0hUTC
 
 LOD     : Excess of the Length of day - 86400 s TAI 
 OMEGA   : Earth angular velocity  
 Description: ftp://hpiers.obspm.fr/iers/bul/bulb_new/bulletinb.pdf
 
    DATE        MJD     LOD     sigma      OMEGA           sigma        
 (0 h UTC)              ms       ms        mas/ms          mas/ms

2013   5   2   56414  1.5399  0.0081  15.04106691059    0.00000000141 
2013   5   3   56415  1.6617  0.0081  15.04106688939    0.00000000141 
2013   5   4   56416  1.7014  0.0077  15.04106688248    0.00000000134 
2013   5   5   56417  1.6757  0.0077  15.04106688695    0.00000000134 
2013   5   6   56418  1.6511  0.0084  15.04106689124    0.00000000146 
2013   5   7   56419  1.5729  0.0084  15.04106690485    0.00000000146 
2013   5   8   56420  1.4570  0.0077  15.04106692503    0.00000000134 
2013   5   9   56421  1.2809  0.0073  15.04106695568    0.00000000127 
2013   5  10   56422  1.1247  0.0077  15.04106698288    0.00000000134 
2013   5  11   56423  1.0228  0.0081  15.04106700061    0.00000000141 
2013   5  12   56424  0.9413  0.0077  15.04106701480    0.00000000134 
2013   5  13   56425  0.9037  0.0079  15.04106702135    0.00000000138 
2013   5  14   56426  0.9035  0.0078  15.04106702138    0.00000000136 
2013   5  15   56427  0.9546  0.0073  15.04106701249    0.00000000127 
2013   5  16   56428  1.0329  0.0077  15.04106699886    0.00000000134 
2013   5  17   56429  1.1913  0.0077  15.04106697128    0.00000000134 
2013   5  18   56430  1.3154  0.0077  15.04106694968    0.00000000134 
2013   5  19   56431  1.4222  0.0077  15.04106693108    0.00000000134 
2013   5  20   56432  1.5032  0.0070  15.04106691698    0.00000000122 
2013   5  21   56433  1.5170  0.0070  15.04106691458    0.00000000122 
2013   5  22   56434  1.4488  0.0072  15.04106692645    0.00000000125 
2013   5  23   56435  1.3755  0.0072  15.04106693921    0.00000000125 
2013   5  24   56436  1.2537  0.0069  15.04106696042    0.00000000120 
2013   5  25   56437  1.1307  0.0069  15.04106698183    0.00000000120 
2013   5  26   56438  1.0336  0.0236  15.04106699873    0.00000000411 
2013   5  27   56439  0.9137  0.0075  15.04106701961    0.00000000131 
2013   5  28   56440  0.9094  0.0075  15.04106702036    0.00000000131 
2013   5  29   56441  0.9130  0.0073  15.04106701973    0.00000000127 
2013   5  30   56442  0.9351  0.0077  15.04106701588    0.00000000134 
2013   5  31   56443  0.9118  0.0077  15.04106701994    0.00000000134 
2013   6   1   56444  0.8131  0.0077  15.04106703712    0.00000000134 


 4 - INFORMATION ON TIME SCALES 
     
     TAI - UTC = 35 s.         during period [56414-56444]

     No leap second introduced during period [56414-56444]

     All information concerning time scales : 
	 - leap seconds announcements : Bulletin C 
	 - DUT1 announcements (UT1-UTC with 0.1 s accuracy) : Bulletin D
      can be found at : 
         - web site : http://hpiers.obspm.fr/eop-pc/
         - anonymous ftp : hpiers.obspm.fr/iers/ or 145.238.100.28


 5 - SUMMARY OF CONTRIBUTED EARTH ORIENTATION PARAMETERS SERIES
 This section gives the average precision of the individual series, some of them
 contributing to the combination (*) and their average agreement with it. 
 The period covered is that one of Bulletin B. 
 
    Units :  micro-arc-seconds for x/y/dX/dY        micro-seconds for UT1/LOD
-----------------------------------------------------------------------------
  EOP series             first line  : Mean  formal  uncertainty
  Periods covered        second line : Weighted RMS agreement with Bulletin B
-----------------------------------------------------------------------------
                                x     y    UT1   LOD   dX    dY   Data Number		

 VLBI Standards

 AUS       
 aus00007.eops                174   158     7     -   127   122       9
 56415.27 to 56443.27         412   380    16     -   205   118

 BKG       
 bkg00013.eops               1199  4515   152     -    84    90       9
 56415.27 to 56443.27         135   133    11     -    53   116

 GSFC      
 gsf2012a.eops                106   109     5    13    65    72       9
 56415.27 to 56443.27         748   843    24   127   101   208

 IAA       
 iaa2007a.eops                 90    95     5     -    62    60       9
 56415.28 to 56443.27         187   159     8     -    43   103

 USNO      
 usn2012b.eops                121   106     5     -    80    88       9
 56415.27 to 56443.27         360   426    10     -    53    66

 MAO       
 mao2003o.eops                  0     0     0     -     0     0       0
 00000.00 to 00000.00           0     0     0     -     0     0

 IVS      *
 ivs07r1e.eops                 47    51     3     -    14    42       9
 56415.27 to 56443.27         125   138     2     -    16    13


 VLBI Intensive

 BKG      *
 bkgint09.eopi                  -     -    13     -     -     -      23
 56414.79 to 56443.80           -     -    17     -     -     -

 GSFC     *
 gsf2012a.eopi                  -     -    16     -     -     -      23
 56414.79 to 56443.80           -     -    23     -     -     -

 IAA      *
 iaa2005a.eopi                  -     -    14     -     -     -      22
 56414.79 to 56443.80           -     -    16     -     -     -

 PUL       
 pul2010a.eopi                  -     -    15     -     -     -      23
 56414.79 to 56443.80           -     -    17     -     -     -

 USNO     *
 usn2012b.eopi                  -     -    15     -     -     -      23
 56414.79 to 56443.80           -     -    22     -     -     -


 GPS

 CODE      
 cod*.erp                       5     6     -     0     -     -      30
 56414.50 to 56443.50          30    21     -     8     -     -

 JPL       
 jpl*.erp                       8     9     -     5     -     -      30
 56414.50 to 56443.50          37    21     -    13     -     -

 GFZ       
 gfz*.erp                       5     6     -     1     -     -      30
 56414.50 to 56443.50          36    30     -     5     -     -

 ESOC      
 esa*.erp                      14    14     -     3     -     -      30
 56414.50 to 56443.50          42    35     -     8     -     -

 NOAA      
 ngs*.erp                       3     3     -     0     -     -      30
 56414.50 to 56443.50          72    69     -     7     -     -

 SIO       
 sio*.erp siu*.erp             11    12     -     3     -     -      30
 56414.50 to 56443.50          53    24     -    10     -     -

 EMR       
 emr*.erp                      29    29     -     8     -     -      30
 56414.50 to 56443.50          40    41     -    15     -     -

 IAA       
 gps_iaa_*.eop                 41    53     -     9     -     -      30
 56414.50 to 56443.50         187   194     -    47     -     -

 ASI       
 cgs*.erp                       8     9     -     1     -     -      17
 56417.50 to 56433.50          63    38     -    31     -     -

 MIT       
 mit*.erp                      12    13     -     2     -     -      30
 56414.50 to 56443.50          44    30     -     7     -     -

 IGR      *
 igs96p02.erp                  29    14     -     3     -     -      30
 56414.50 to 56443.50          32    22     -     5     -     -

 IGS      *
 igs00p03.erp                   4     4     -     0     -     -      30
 56414.50 to 56443.50          33    17     -     6     -     -


 SLR

 MCC       
 tg*.02                       162   161     -    26     -     -      26
 56414.00 to 56443.00         142   114     -   171     -     -

 IAA       
 slr_iaa_*.eop                 40    40     -     2     -     -      31
 56414.00 to 56444.00         158   127     -    15     -     -

 CGS       
 asi*.eop                      67    65     -     0     -     -      30
 56414.50 to 56443.50         192   191     -    29     -     -

 ILRS     *
 ilrsa.eop                     53    52     -     8     -     -      30
 56414.50 to 56443.50         125    97     -    24     -     -


 BULLETIN A

 NEOS      
 mark3.out                     32    26     6     -     -     -      31
 56414.00 to 56444.00          35    24     9     -     -     -

To unsubscribe : http://hpiers.obspm.fr/eop-pc/products/bulletins/bulletin_registration.html