                                                                BULLETIN B 316
                                        			1 June 2014   
    
 Contents are described in ftp://hpiers.obspm.fr/iers/bul/bulb_new/bulletinb.pdf 
	
 1 - DAILY FINAL VALUES OF x, y, UT1-UTC, dX, dY
 Angular unit is milliarcsecond (mas), time unit is millisecond (ms). 
 Upgraded solution from February 1 2011 - consistent with ITRF 2008.
 
       DATE     MJD       x       y      UT1-UTC      dX     dY     x err    y err   UT1 err  X err  Y err
    (0 h UTC)            mas     mas       ms         mas    mas     mas      mas      ms     mas     mas

 Final values 

 Mean formal error      0.063    0.064    0.0065    0.059  0.043 
 
2014   4   2   56749   44.731  422.505 -206.4734    0.149  0.156    0.064    0.065    0.0053  0.069  0.033
2014   4   3   56750   45.490  423.828 -207.8192    0.180  0.166    0.064    0.065    0.0092  0.334  0.142
2014   4   4   56751   45.979  424.932 -209.0728    0.254  0.110    0.065    0.061    0.0069  0.174  0.076
2014   4   5   56752   46.374  425.656 -210.2805    0.322  0.091    0.068    0.060    0.0079  0.070  0.035
2014   4   6   56753   46.842  426.321 -211.4745    0.377  0.088    0.071    0.065    0.0079  0.055  0.033
2014   4   7   56754   47.736  426.413 -212.6716    0.403  0.081    0.067    0.070    0.0068  0.039  0.031
2014   4   8   56755   49.174  427.200 -213.8681    0.434  0.071    0.063    0.067    0.0018  0.024  0.029
2014   4   9   56756   50.711  428.221 -215.0826    0.430  0.044    0.066    0.066    0.0071  0.039  0.033
2014   4  10   56757   52.168  429.049 -216.3479    0.407  0.016    0.069    0.066    0.0050  0.062  0.039
2014   4  11   56758   53.250  429.803 -217.6742    0.369 -0.010    0.068    0.063    0.0066  0.086  0.045
2014   4  12   56759   54.234  430.495 -219.0704    0.361 -0.029    0.068    0.066    0.0055  0.078  0.041
2014   4  13   56760   54.922  430.829 -220.5171    0.356 -0.041    0.064    0.069    0.0059  0.058  0.034
2014   4  14   56761   55.815  431.117 -221.9822    0.362 -0.059    0.062    0.069    0.0064  0.060  0.077
2014   4  15   56762   56.685  432.066 -223.4228    0.324 -0.051    0.063    0.067    0.0019  0.022  0.028
2014   4  16   56763   57.372  432.707 -224.7319    0.190 -0.073    0.059    0.060    0.0008  0.022  0.033
2014   4  17   56764   58.285  433.345 -225.9407    0.134 -0.076    0.059    0.053    0.0082  0.025  0.038
2014   4  18   56765   59.603  434.397 -227.1293    0.121 -0.069    0.062    0.064    0.0066  0.025  0.037
2014   4  19   56766   60.277  435.889 -228.3317    0.120 -0.061    0.062    0.071    0.0073  0.025  0.037
2014   4  20   56767   61.059  436.854 -229.5651    0.129 -0.053    0.071    0.067    0.0071  0.025  0.036
2014   4  21   56768   62.226  437.949 -230.8723    0.171 -0.056    0.067    0.064    0.0089  0.032  0.034
2014   4  22   56769   63.815  438.636 -232.3122    0.188 -0.046    0.060    0.064    0.0086  0.032  0.033
2014   4  23   56770   65.292  439.387 -233.9073    0.398 -0.026    0.061    0.064    0.0035  0.039  0.051
2014   4  24   56771   66.921  439.872 -235.6245    0.336 -0.021    0.056    0.064    0.0095  0.034  0.045
2014   4  25   56772   68.585  440.441 -237.4787    0.243 -0.017    0.055    0.068    0.0052  0.027  0.037
2014   4  26   56773   70.307  441.005 -239.4521    0.232 -0.013    0.064    0.071    0.0081  0.033  0.035
2014   4  27   56774   71.805  441.748 -241.4476    0.253 -0.008    0.059    0.067    0.0087  0.043  0.037
2014   4  28   56775   72.999  442.322 -243.3329    0.238 -0.026    0.059    0.066    0.0080  0.041  0.028
2014   4  29   56776   74.344  442.647 -245.0400    0.226 -0.030    0.060    0.066    0.0057  0.046  0.026
2014   4  30   56777   76.138  442.770 -246.5381    0.330 -0.006    0.063    0.057    0.0050  0.062  0.040
2014   5   1   56778   78.006  443.141 -247.8474    0.005  0.001    0.057    0.053    0.0095  0.092  0.075

 Preliminary extension 
2014   5   2   56779   79.752  443.556 -249.0245    0.005  0.001    0.054    0.060    0.0073  0.099  0.087
2014   5   3   56780   81.711  443.993 -250.1213    0.005  0.001    0.053    0.059    0.0072  0.099  0.087
2014   5   4   56781   83.804  444.548 -251.2088    0.005  0.001    0.049    0.052    0.0081  0.099  0.087
2014   5   5   56782   85.266  444.867 -252.3434    0.005  0.001    0.053    0.053    0.0064  0.099  0.087
2014   5   6   56783   86.216  444.999 -253.5521    0.005  0.001    0.053    0.056    0.0056  0.099  0.087
2014   5   7   56784   87.404  445.502 -254.8106    0.005  0.001    0.049    0.056    0.0082  0.099  0.087
2014   5   8   56785   88.974  446.133 -256.0996    0.005  0.001    0.053    0.056    0.0045  0.099  0.087
2014   5   9   56786   90.408  446.737 -257.5150    0.005  0.001    0.053    0.053    0.0053  0.099  0.087
2014   5  10   56787   91.526  446.846 -258.9544    0.005  0.001    0.050    0.051    0.0065  0.099  0.087
2014   5  11   56788   93.082  446.736 -260.4031    0.005  0.001    0.144    0.105    0.0095  0.099  0.087
2014   5  12   56789   95.411  446.687 -261.8166    0.005  0.001    0.189    0.211    0.0076  0.099  0.087
2014   5  13   56790   97.744  447.023 -263.1212    0.005  0.001    0.137    0.172    0.0056  0.099  0.087
2014   5  14   56791   99.829  447.525 -264.2918    0.005  0.001    0.137    0.143    0.0048  0.099  0.087
2014   5  15   56792  101.332  447.881 -265.4011    0.005  0.001    0.189    0.205    0.0066  0.099  0.087
2014   5  16   56793  102.767  448.025 -266.4291    0.005  0.001    0.226    0.154    0.0043  0.099  0.087
2014   5  17   56794  103.942  448.038 -267.4279    0.005  0.001    0.196    0.159    0.0063  0.099  0.087
2014   5  18   56795  104.926  447.988 -268.4685    0.005  0.001    0.178    0.229    0.0090  0.099  0.087
2014   5  19   56796  105.850  447.800 -269.6108    0.005  0.001    0.188    0.162    0.0077  0.099  0.087
2014   5  20   56797  107.264  447.638 -270.8836    0.005  0.001    0.198    0.061    0.0054  0.099  0.087
2014   5  21   56798  109.002  447.661 -272.2868    0.005  0.001    0.232    0.153    0.0088  0.099  0.087
2014   5  22   56799  110.843  448.025 -273.7584    0.005  0.001    0.183    0.234    0.0070  0.099  0.087
2014   5  23   56800  112.238  448.212 -275.2231    0.005  0.001    0.173    0.203    0.0085  0.099  0.087
2014   5  24   56801  113.682  448.073 -276.6333    0.005  0.001    0.163    0.246    0.0116  0.099  0.087
2014   5  25   56802  115.180  447.651 -277.8944    0.005  0.001    0.100    0.277    0.0091  0.099  0.087
2014   5  26   56803  116.672  446.993 -279.0366    0.005  0.001    0.124    0.186    0.0077  0.099  0.087
2014   5  27   56804  118.119  446.295 -279.9156    0.005  0.001    0.177    0.107    0.0067  0.099  0.087
2014   5  28   56805  120.171  445.490 -280.5102    0.005  0.001    0.176    0.112    0.0059  0.099  0.087
2014   5  29   56806  122.773  444.884 -280.8637    0.005  0.001    0.502    0.273    0.0190  0.099  0.087
2014   5  30   56807  125.314  444.463 -281.2323    0.005  0.001  999.000  999.000  999.0000 999.000 999.000
2014   5  31   56808  127.799  444.003 -281.6549    0.006  0.001  999.000  999.000  999.0000 999.000 999.000
2014   6   1   56809  130.148  443.574 -282.1548    0.005  0.001  999.000  999.000  999.0000 999.000 999.000
 
	
 2 - DAILY FINAL VALUES OF CELESTIAL POLE OFFSETS dPsi1980 & dEps1980
  dPsi1980   dEps1980 ....dPsi,dEps / IAU 1980 precession-nutation model      
 Description : ftp://hpiers.obspm.fr/iers/bul/bulb_new/bulletinb.pdf
 The Reference Systems are described in the 2006 IERS Annual Report.
 
       DATE     MJD    dPsi1980   dEps1980  sig dPsi  sig dEps   
    (0 h UTC)             mas        mas      mas       mas   

2014   4   2   56749   -79.858   -13.064     0.173     0.033
2014   4   3   56750   -79.760   -13.033     0.840     0.142
2014   4   4   56751   -79.538   -12.996     0.437     0.076
2014   4   5   56752   -79.402   -12.996     0.176     0.035
2014   4   6   56753   -79.363   -13.105     0.138     0.033
2014   4   7   56754   -79.297   -13.282     0.098     0.031
2014   4   8   56755   -78.976   -13.427     0.060     0.029
2014   4   9   56756   -78.589   -13.499     0.097     0.033
2014   4  10   56757   -78.352   -13.509     0.157     0.039
2014   4  11   56758   -78.407   -13.517     0.216     0.045
2014   4  12   56759   -78.575   -13.545     0.196     0.041
2014   4  13   56760   -78.752   -13.559     0.146     0.034
2014   4  14   56761   -78.845   -13.530     0.150     0.077
2014   4  15   56762   -79.015   -13.456     0.055     0.028
2014   4  16   56763   -79.400   -13.482     0.056     0.033
2014   4  17   56764   -79.528   -13.614     0.063     0.038
2014   4  18   56765   -79.479   -13.805     0.063     0.037
2014   4  19   56766   -79.414   -13.945     0.063     0.037
2014   4  20   56767   -79.421   -13.971     0.063     0.036
2014   4  21   56768   -79.425   -13.940     0.080     0.034
2014   4  22   56769   -79.443   -13.911     0.080     0.033
2014   4  23   56770   -78.816   -13.887     0.098     0.051
2014   4  24   56771   -78.721   -13.813     0.086     0.045
2014   4  25   56772   -78.715   -13.629     0.069     0.037
2014   4  26   56773   -78.678   -13.418     0.083     0.035
2014   4  27   56774   -78.783   -13.338     0.109     0.037
2014   4  28   56775   -79.075   -13.487     0.102     0.028
2014   4  29   56776   -79.275   -13.730     0.116     0.026
2014   4  30   56777   -79.001   -13.868     0.157     0.040
2014   5   1   56778   -79.702   -13.842     0.232     0.075

 
 3 - EARTH ANGULAR VELOCITY : DAILY FINAL VALUES OF LOD, OMEGA AT 0hUTC
 
 LOD     : Excess of the Length of day - 86400 s TAI 
 OMEGA   : Earth angular velocity  
 Description: ftp://hpiers.obspm.fr/iers/bul/bulb_new/bulletinb.pdf
 
    DATE        MJD     LOD     sigma      OMEGA           sigma        
 (0 h UTC)              ms       ms        mas/ms          mas/ms

2014   4   2   56749  1.4041  0.0113  15.04106693424    0.00000000197 
2014   4   3   56750  1.3026  0.0116  15.04106695191    0.00000000202 
2014   4   4   56751  1.2096  0.0115  15.04106696810    0.00000000200 
2014   4   5   56752  1.2037  0.0117  15.04106696912    0.00000000204 
2014   4   6   56753  1.1918  0.0113  15.04106697119    0.00000000197 
2014   4   7   56754  1.1774  0.0109  15.04106697370    0.00000000190 
2014   4   8   56755  1.1797  0.0110  15.04106697330    0.00000000191 
2014   4   9   56756  1.2402  0.0114  15.04106696277    0.00000000198 
2014   4  10   56757  1.2906  0.0115  15.04106695399    0.00000000200 
2014   4  11   56758  1.3679  0.0110  15.04106694054    0.00000000191 
2014   4  12   56759  1.4091  0.0109  15.04106693337    0.00000000190 
2014   4  13   56760  1.4478  0.0114  15.04106692663    0.00000000198 
2014   4  14   56761  1.4663  0.0116  15.04106692341    0.00000000202 
2014   4  15   56762  1.3816  0.0114  15.04106693815    0.00000000198 
2014   4  16   56763  1.2503  0.0116  15.04106696101    0.00000000202 
2014   4  17   56764  1.1767  0.0117  15.04106697382    0.00000000204 
2014   4  18   56765  1.2051  0.0110  15.04106696888    0.00000000191 
2014   4  19   56766  1.2007  0.0109  15.04106696964    0.00000000190 
2014   4  20   56767  1.2686  0.0111  15.04106695782    0.00000000193 
2014   4  21   56768  1.3612  0.0106  15.04106694170    0.00000000185 
2014   4  22   56769  1.5154  0.0105  15.04106691486    0.00000000183 
2014   4  23   56770  1.6655  0.0104  15.04106688873    0.00000000181 
2014   4  24   56771  1.7816  0.0109  15.04106686852    0.00000000190 
2014   4  25   56772  1.9279  0.0113  15.04106684305    0.00000000197 
2014   4  26   56773  2.0154  0.0111  15.04106682782    0.00000000193 
2014   4  27   56774  1.9383  0.0111  15.04106684124    0.00000000193 
2014   4  28   56775  1.7859  0.0114  15.04106686777    0.00000000198 
2014   4  29   56776  1.6137  0.0111  15.04106689775    0.00000000193 
2014   4  30   56777  1.4115  0.0106  15.04106693295    0.00000000185 
2014   5   1   56778  1.2234  0.0095  15.04106696569    0.00000000165 


 4 - INFORMATION ON TIME SCALES 
     
     TAI - UTC = 35 s.         during period [56749-56778]

     No leap second introduced during period [56749-56778]

     All information concerning time scales : 
	 - leap seconds announcements : Bulletin C 
	 - DUT1 announcements (UT1-UTC with 0.1 s accuracy) : Bulletin D
      can be found at : 
         - web site : http://hpiers.obspm.fr/eop-pc/
         - anonymous ftp : hpiers.obspm.fr/iers/ or 145.238.100.28


 5 - SUMMARY OF CONTRIBUTED EARTH ORIENTATION PARAMETERS SERIES
 This section gives the average precision of the individual series, some of them
 contributing to the combination (*) and their average agreement with it. 
 The period covered is that one of Bulletin B. 
 
    Units :  micro-arc-seconds for x/y/dX/dY        micro-seconds for UT1/LOD
-----------------------------------------------------------------------------
  EOP series             first line  : Mean  formal  uncertainty
  Periods covered        second line : Weighted RMS agreement with Bulletin B
-----------------------------------------------------------------------------
                                x     y    UT1   LOD   dX    dY   Data Number		

 VLBI Standards

 AUS       
 aus00007.eops                 71    63     3     -    57    62       8
 56751.27 to 56776.21         398   370    26     -   120   123

 BKG       
 bkg00013.eops                102   117     4     -    60    59      11
 56749.23 to 56777.27         158   163     7     -    58    60

 GSFC      
 gsf2012a.eops                 78    83     3     7    45    43       8
 56749.23 to 56772.27         125    83    12    12    45    25

 IAA       
 iaa2007a.eops                 90    99     4     -    53    52      10
 56749.23 to 56776.21         160   161    15     -    85   104

 USNO      
 usn2012b.eops                 91    95     4     -    65    63       7
 56751.27 to 56772.27         308   239    18     -    47    83

 MAO       
 mao2003o.eops                  0     0     0     -     0     0       0
 00000.00 to 00000.00           0     0     0     -     0     0

 IVS      *
 ivs07r1e.eops                 24    22     1     -     9    26       8
 56751.27 to 56776.21          57   120     3     -    20    30


 VLBI Intensive

 BKG      *
 bkgint09.eopi                  -     -    10     -     -     -      30
 56749.79 to 56777.80           -     -    18     -     -     -

 GSFC     *
 gsf2012a.eopi                  -     -    14     -     -     -      30
 56749.79 to 56777.80           -     -    21     -     -     -

 IAA      *
 iaa2005a.eopi                  -     -    13     -     -     -      17
 56749.79 to 56777.80           -     -    15     -     -     -

 PUL       
 pul2010a.eopi                  -     -    12     -     -     -      30
 56749.79 to 56777.80           -     -    21     -     -     -

 USNO     *
 usn2012b.eopi                  -     -    17     -     -     -      30
 56749.79 to 56777.80           -     -   236     -     -     -


 GPS

 CODE      
 cod*.erp                       6     6     -     0     -     -      29
 56749.50 to 56777.50          20    23     -     8     -     -

 JPL       
 jpl*.erp                       8     9     -     6     -     -      29
 56749.50 to 56777.50          35    29     -    15     -     -

 GFZ       
 gfz*.erp                       5     6     -     1     -     -      29
 56749.50 to 56777.50          20    32     -     8     -     -

 ESOC      
 esa*.erp                      12    13     -     4     -     -      29
 56749.50 to 56777.50          37    36     -     7     -     -

 NOAA      
 ngs*.erp                       3     3     -     0     -     -      29
 56749.50 to 56777.50          75    78     -     8     -     -

 SIO       
 sio*.erp siu*.erp             37    35     -    11     -     -      43
 56749.00 to 56777.50         135    78     -    21     -     -

 EMR       
 emr*.erp                      29    29     -     9     -     -      29
 56749.50 to 56777.50          31    32     -    15     -     -

 IAA       
 gps_iaa_*.eop                  4     4     -     0     -     -      29
 56749.50 to 56777.50          50    50     -    15     -     -

 ASI       
 cgs*.erp                       0     0     -     0     -     -       0
 00000.00 to 00000.00           0     0     -     0     -     -

 MIT       
 mit*.erp                      13    12     -     2     -     -      29
 56749.50 to 56777.50          24    34     -     7     -     -

 IGR      *
 igs96p02.erp                  19    32     -     4     -     -      29
 56749.50 to 56777.50          17    28     -     9     -     -

 IGS      *
 igs00p03.erp                   8     9     -     1     -     -      29
 56749.50 to 56777.50          14    21     -     7     -     -


 SLR

 MCC       
 tg*.02                       153   168     -    22     -     -      26
 56749.00 to 56778.00         105   160     -   181     -     -

 IAA       
 slr_iaa_*.eop                 60    61     -     4     -     -      30
 56749.00 to 56778.00         236   254     -    26     -     -

 CGS       
 asi*.eop                      64    69     -    15     -     -      29
 56749.50 to 56777.50         136   175     -    51     -     -

 ILRS     *
 ilrsa.eop                     54    55     -     9     -     -      29
 56749.50 to 56777.50         107   137     -    34     -     -


 BULLETIN A

 NEOS      
 mark3.out                     33    30     5     -     -     -      30
 56749.00 to 56778.00          24    40     9     -     -     -

To unsubscribe : http://hpiers.obspm.fr/eop-pc/products/bulletins/bulletin_registration.html