                                                                BULLETIN B 323
                                        			1 January 2015   
    
 Contents are described in ftp://hpiers.obspm.fr/iers/bul/bulb_new/bulletinb.pdf 
	
 1 - DAILY FINAL VALUES OF x, y, UT1-UTC, dX, dY
 Angular unit is milliarcsecond (mas), time unit is millisecond (ms). 
 Upgraded solution from February 1 2011 - consistent with ITRF 2008.
 
       DATE     MJD       x       y      UT1-UTC      dX     dY     x err    y err   UT1 err  X err  Y err
    (0 h UTC)            mas     mas       ms         mas    mas     mas      mas      ms     mas     mas

 Final values 

 Mean formal error      0.044    0.043    0.0065    0.064  0.074 
 
2014  11   2   56963  130.232  254.603 -388.6438   -0.210 -0.100    0.052    0.049    0.0048  0.037  0.053
2014  11   3   56964  128.111  253.639 -390.3200   -0.164 -0.106    0.054    0.054    0.0065  0.031  0.043
2014  11   4   56965  126.579  253.032 -392.0232   -0.167 -0.073    0.054    0.055    0.0020  0.028  0.037
2014  11   5   56966  125.141  253.027 -393.6596   -0.159 -0.058    0.051    0.046    0.0061  0.036  0.038
2014  11   6   56967  123.815  253.026 -395.1745   -0.152 -0.049    0.048    0.042    0.0104  0.047  0.040
2014  11   7   56968  122.208  252.696 -396.5413   -0.152 -0.043    0.045    0.040    0.0069  0.057  0.041
2014  11   8   56969  120.656  252.119 -397.7463   -0.160 -0.042    0.047    0.043    0.0071  0.068  0.043
2014  11   9   56970  118.629  251.863 -398.7699   -0.174 -0.044    0.047    0.051    0.0085  0.078  0.045
2014  11  10   56971  116.099  251.414 -399.6746   -0.161 -0.002    0.046    0.053    0.0086  0.051  0.050
2014  11  11   56972  113.500  251.104 -400.5178   -0.151 -0.007    0.050    0.051    0.0024  0.041  0.054
2014  11  12   56973  111.312  251.020 -401.3658   -0.162 -0.024    0.048    0.043    0.0046  0.039  0.054
2014  11  13   56974  110.003  251.216 -402.2707   -0.177 -0.044    0.048    0.042    0.0055  0.038  0.052
2014  11  14   56975  108.964  251.454 -403.2264   -0.186 -0.065    0.049    0.045    0.0037  0.037  0.050
2014  11  15   56976  107.343  251.845 -404.2241   -0.188 -0.083    0.045    0.045    0.0062  0.036  0.048
2014  11  16   56977  105.169  252.103 -405.2751   -0.184 -0.098    0.048    0.045    0.0058  0.035  0.046
2014  11  17   56978  103.098  252.264 -406.4355   -0.152 -0.102    0.048    0.044    0.0044  0.035  0.044
2014  11  18   56979  101.176  252.904 -407.6894   -0.153 -0.110    0.045    0.045    0.0016  0.035  0.042
2014  11  19   56980   98.823  253.529 -408.9491   -0.169 -0.115    0.044    0.045    0.0065  0.044  0.057
2014  11  20   56981   96.626  253.739 -410.1760   -0.188 -0.116    0.042    0.043    0.0082  0.058  0.076
2014  11  21   56982   94.796  254.068 -411.3379   -0.202 -0.111    0.039    0.039    0.0072  0.071  0.094
2014  11  22   56983   93.033  254.309 -412.4443   -0.210 -0.102    0.041    0.041    0.0066  0.085  0.113
2014  11  23   56984   91.069  254.329 -413.5151   -0.210 -0.090    0.041    0.041    0.0080  0.098  0.132
2014  11  24   56985   89.517  254.009 -414.5452   -0.188 -0.085    0.038    0.041    0.0068  0.111  0.152
2014  11  25   56986   88.570  253.867 -415.5369   -0.187 -0.063    0.038    0.041    0.0023  0.124  0.171
2014  11  26   56987   87.552  254.012 -416.5109   -0.183 -0.036    0.041    0.041    0.0047  0.120  0.161
2014  11  27   56988   86.952  254.412 -417.5503   -0.178 -0.006    0.041    0.041    0.0117  0.112  0.140
2014  11  28   56989   86.367  255.252 -418.7293   -0.175  0.026    0.037    0.037    0.0138  0.104  0.120
2014  11  29   56990   85.070  256.037 -420.0746   -0.175  0.058    0.032    0.033    0.0103  0.097  0.100
2014  11  30   56991   83.120  256.681 -421.5228   -0.177  0.089    0.032    0.033    0.0085  0.089  0.079
2014  12   1   56992   80.978  257.672 -423.0186   -0.181  0.114    0.040    0.042    0.0066  0.081  0.059

 Preliminary extension 
2014  12   2   56993   78.981  258.716 -424.4887   -0.189  0.140    0.044    0.045    0.0055  0.073  0.038
2014  12   3   56994   76.898  259.439 -425.8803   -0.208  0.163    0.041    0.040    0.0071  0.074  0.035
2014  12   4   56995   74.791  259.882 -427.2193   -0.228  0.181    0.037    0.037    0.0105  0.078  0.036
2014  12   5   56996   73.083  260.106 -428.4417   -0.242  0.190    0.037    0.035    0.0115  0.081  0.037
2014  12   6   56997   72.034  260.884 -429.5356   -0.249  0.191    0.034    0.035    0.0045  0.084  0.038
2014  12   7   56998   70.757  261.940 -430.5244   -0.246  0.182    0.034    0.037    0.0060  0.088  0.039
2014  12   8   56999   69.459  262.561 -431.4881   -0.234  0.168    0.036    0.037    0.0056  0.091  0.040
2014  12   9   57000   67.576  263.589 -432.4757   -0.214  0.147    0.033    0.035    0.0061  0.094  0.041
2014  12  10   57001   65.144  264.307 -433.4711   -0.187  0.122    0.033    0.035    0.0073  0.097  0.042
2014  12  11   57002   62.829  265.090 -434.5279    0.006  0.001    0.040    0.039    0.0094  0.104  0.079
2014  12  12   57003   60.556  266.073 -435.7075    0.007  0.000    0.041    0.039    0.0056  0.106  0.089
2014  12  13   57004   58.299  267.309 -436.9425    0.006  0.001    0.037    0.039    0.0068  0.106  0.089
2014  12  14   57005   55.673  268.381 -438.1828    0.007  0.000    0.092    0.119    0.0064  0.106  0.089
2014  12  15   57006   52.995  269.427 -439.3985    0.006  0.001    0.117    0.195    0.0053  0.106  0.089
2014  12  16   57007   50.218  270.619 -440.6588    0.007  0.000    0.092    0.175    0.0062  0.106  0.089
2014  12  17   57008   47.424  271.674 -441.9534    0.006  0.001    0.131    0.175    0.0136  0.106  0.089
2014  12  18   57009   44.887  272.124 -443.2099    0.006  0.000    0.169    0.190    0.0072  0.106  0.089
2014  12  19   57010   43.421  272.574 -444.3871    0.007  0.001    0.170    0.190    0.0085  0.106  0.089
2014  12  20   57011   42.150  273.264 -445.4780    0.007  0.001    0.173    0.203    0.0050  0.106  0.089
2014  12  21   57012   40.871  273.607 -446.4772    0.007  0.000    0.154    0.202    0.0032  0.106  0.089
2014  12  22   57013   39.642  273.935 -447.4049    0.006  0.001    0.139    0.179    0.0066  0.106  0.089
2014  12  23   57014   38.709  274.243 -448.3676    0.007  0.001    0.181    0.157    0.0108  0.106  0.089
2014  12  24   57015   37.896  274.873 -449.4265    0.006  0.001    0.231    0.162    0.0106  0.106  0.089
2014  12  25   57016   37.182  275.556 -450.6146    0.006  0.001    0.221    0.153    0.0197  0.106  0.089
2014  12  26   57017   36.245  276.322 -451.9303    0.006  0.001    0.168    0.091    0.0177  0.106  0.089
2014  12  27   57018   35.291  276.994 -453.3240    0.006  0.001    0.169    0.119    0.0135  0.106  0.089
2014  12  28   57019   34.707  277.737 -454.8108    0.006  0.001    0.148    0.139    0.0105  0.106  0.089
2014  12  29   57020   34.263  278.652 -456.3403    0.006  0.001    0.109    0.111    0.0065  0.106  0.089
2014  12  30   57021   33.520  279.482 -457.6783    0.006  0.001    0.204    0.170    0.0113  0.106  0.089
2014  12  31   57022   32.280  280.294 -458.8329    0.006  0.001    0.233    0.124    0.0113  0.106  0.089
2015   1   1   57023   30.733  280.770 -459.8633    0.006  0.000    0.215    0.192    0.0113  0.106  0.089
 
	
 2 - DAILY FINAL VALUES OF CELESTIAL POLE OFFSETS dPsi1980 & dEps1980
  dPsi1980   dEps1980 ....dPsi,dEps / IAU 1980 precession-nutation model      
 Description : ftp://hpiers.obspm.fr/iers/bul/bulb_new/bulletinb.pdf
 The Reference Systems are described in the 2006 IERS Annual Report.
 
       DATE     MJD    dPsi1980   dEps1980  sig dPsi  sig dEps   
    (0 h UTC)             mas        mas      mas       mas   

2014  11   2   56963   -91.096   -11.687     0.093     0.053
2014  11   3   56964   -90.869   -11.439     0.077     0.043
2014  11   4   56965   -90.829   -11.218     0.070     0.037
2014  11   5   56966   -90.758   -11.203     0.090     0.038
2014  11   6   56967   -90.638   -11.334     0.117     0.040
2014  11   7   56968   -90.514   -11.417     0.144     0.041
2014  11   8   56969   -90.436   -11.316     0.170     0.043
2014  11   9   56970   -90.381   -11.089     0.197     0.045
2014  11  10   56971   -90.191   -10.885     0.127     0.050
2014  11  11   56972   -89.893   -10.941     0.104     0.054
2014  11  12   56973   -89.552   -11.193     0.097     0.054
2014  11  13   56974   -89.192   -11.469     0.095     0.052
2014  11  14   56975   -88.884   -11.617     0.093     0.050
2014  11  15   56976   -88.703   -11.605     0.090     0.048
2014  11  16   56977   -88.671   -11.506     0.088     0.046
2014  11  17   56978   -88.680   -11.389     0.089     0.044
2014  11  18   56979   -88.793   -11.262     0.087     0.042
2014  11  19   56980   -88.914   -11.058     0.111     0.057
2014  11  20   56981   -89.024   -10.769     0.145     0.076
2014  11  21   56982   -89.127   -10.508     0.179     0.094
2014  11  22   56983   -89.179   -10.435     0.213     0.113
2014  11  23   56984   -89.111   -10.592     0.247     0.132
2014  11  24   56985   -88.888   -10.843     0.279     0.152
2014  11  25   56986   -88.731   -10.946     0.312     0.171
2014  11  26   56987   -88.698   -10.810     0.302     0.161
2014  11  27   56988   -88.822   -10.528     0.282     0.140
2014  11  28   56989   -88.994   -10.267     0.262     0.120
2014  11  29   56990   -89.065   -10.104     0.243     0.100
2014  11  30   56991   -88.992    -9.993     0.223     0.079
2014  12   1   56992   -88.881    -9.879     0.204     0.059

 
 3 - EARTH ANGULAR VELOCITY : DAILY FINAL VALUES OF LOD, OMEGA AT 0hUTC
 
 LOD     : Excess of the Length of day - 86400 s TAI 
 OMEGA   : Earth angular velocity  
 Description: ftp://hpiers.obspm.fr/iers/bul/bulb_new/bulletinb.pdf
 
    DATE        MJD     LOD     sigma      OMEGA           sigma        
 (0 h UTC)              ms       ms        mas/ms          mas/ms

2014  11   2   56963  1.6138  0.0093  15.04106689773    0.00000000162 
2014  11   3   56964  1.6976  0.0118  15.04106688314    0.00000000205 
2014  11   4   56965  1.6614  0.0115  15.04106688944    0.00000000200 
2014  11   5   56966  1.5815  0.0104  15.04106690335    0.00000000181 
2014  11   6   56967  1.4250  0.0104  15.04106693060    0.00000000181 
2014  11   7   56968  1.2620  0.0102  15.04106695897    0.00000000178 
2014  11   8   56969  1.1065  0.0100  15.04106698604    0.00000000174 
2014  11   9   56970  0.9636  0.0103  15.04106701092    0.00000000179 
2014  11  10   56971  0.8574  0.0102  15.04106702941    0.00000000178 
2014  11  11   56972  0.8228  0.0099  15.04106703543    0.00000000172 
2014  11  12   56973  0.8665  0.0100  15.04106702782    0.00000000174 
2014  11  13   56974  0.9353  0.0097  15.04106701585    0.00000000169 
2014  11  14   56975  0.9816  0.0100  15.04106700779    0.00000000174 
2014  11  15   56976  1.0274  0.0097  15.04106699981    0.00000000169 
2014  11  16   56977  1.0661  0.0095  15.04106699308    0.00000000165 
2014  11  17   56978  1.1845  0.0100  15.04106697246    0.00000000174 
2014  11  18   56979  1.2749  0.0095  15.04106695673    0.00000000165 
2014  11  19   56980  1.2414  0.0093  15.04106696256    0.00000000162 
2014  11  20   56981  1.1773  0.0097  15.04106697372    0.00000000169 
2014  11  21   56982  1.1179  0.0099  15.04106698406    0.00000000172 
2014  11  22   56983  1.0844  0.0102  15.04106698989    0.00000000178 
2014  11  23   56984  1.0236  0.0102  15.04106700048    0.00000000178 
2014  11  24   56985  0.9802  0.0094  15.04106700803    0.00000000164 
2014  11  25   56986  0.9914  0.0095  15.04106700608    0.00000000165 
2014  11  26   56987  0.9976  0.0098  15.04106700500    0.00000000171 
2014  11  27   56988  1.0687  0.0099  15.04106699262    0.00000000172 
2014  11  28   56989  1.2598  0.0094  15.04106695936    0.00000000164 
2014  11  29   56990  1.4142  0.0093  15.04106693248    0.00000000162 
2014  11  30   56991  1.4855  0.0097  15.04106692006    0.00000000169 
2014  12   1   56992  1.4738  0.0092  15.04106692210    0.00000000160 


 4 - INFORMATION ON TIME SCALES 
     
     
    
     TAI - UTC = 35 s.         during period [56963-56992]

     No leap second introduced during period [56963-56992]

     All information concerning time scales : 
	 - leap seconds announcements : Bulletin C 
	 - DUT1 announcements (UT1-UTC with 0.1 s accuracy) : Bulletin D
      can be found at : 
         - web site : http://hpiers.obspm.fr/eop-pc/
         - anonymous ftp : hpiers.obspm.fr/iers/ or 145.238.100.28


 5 - SUMMARY OF CONTRIBUTED EARTH ORIENTATION PARAMETERS SERIES
 This section gives the average precision of the individual series, some of them
 contributing to the combination (*) and their average agreement with it. 
 The period covered is that one of Bulletin B. 
 
    Units :  micro-arc-seconds for x/y/dX/dY        micro-seconds for UT1/LOD
-----------------------------------------------------------------------------
  EOP series             first line  : Mean  formal  uncertainty
  Periods covered        second line : Weighted RMS agreement with Bulletin B
-----------------------------------------------------------------------------
                                x     y    UT1   LOD   dX    dY   Data Number		

 VLBI Standards

 AUS       
 aus00007.eops                113    91     6     -    87    83       6
 56965.21 to 56986.21         458   806    41     -   144   213

 BKG       
 bkg00014.eops                 85    76     4     -    47    43       6
 56965.21 to 56986.21          26   137    23     -    44    47

 GSFC      
 gsf2014a.eops                 61    53     3     6    35    33       7
 56965.21 to 56986.21         108   137    29    17    83    36

 IAA       
 iaa2007a.eops                 60    55     3     -    42    38       6
 56965.21 to 56986.21         224   227    26     -    92    62

 USNO      
 usn2014.eops                  67    59     4     -    55    53       7
 56965.21 to 56986.21         171   165    30     -   128    49

 IVS      *
 ivs07r1e.eops                 15    13     1     -     7    20       5
 56965.21 to 56986.21          51    67     6     -    19     6


 VLBI Intensive

 BKG      *
 bkgint14.eopi                  -     -     7     -     -     -      29
 56963.33 to 56991.33           -     -    16     -     -     -

 GSFC     *
 gsf2014a.eopi                  -     -    12     -     -     -      29
 56963.33 to 56991.33           -     -    12     -     -     -

 IAA      *
 iaa2005a.eopi                  -     -    10     -     -     -      18
 56965.69 to 56987.80           -     -    13     -     -     -

 PUL       
 pul2010a.eopi                  -     -    10     -     -     -      20
 56964.31 to 56987.80           -     -    18     -     -     -

 USNO     *
 usn2014.eopi                   -     -    12     -     -     -      29
 56963.33 to 56991.33           -     -    12     -     -     -


 GPS

 CODE      
 cod*.erp                       5     5     -     0     -     -      29
 56963.50 to 56991.50          24    25     -     6     -     -

 JPL       
 jpl*.erp                      12    13     -     5     -     -      29
 56963.50 to 56991.50          31    33     -    10     -     -

 GFZ       
 gfz*.erp                       5     6     -     1     -     -      29
 56963.50 to 56991.50          28    33     -    41     -     -

 ESOC      
 esa*.erp                       9     9     -     3     -     -      29
 56963.50 to 56991.50          32    30     -     7     -     -

 NOAA      
 ngs*.erp                       2     3     -     0     -     -      29
 56963.50 to 56991.50          62    51     -     5     -     -

 SIO       
 sio*.erp siu*.erp             47    44     -     8     -     -      29
 56963.50 to 56991.50          27    32     -    11     -     -

 EMR       
 emr*.erp                      29    29     -     8     -     -      29
 56963.50 to 56991.50          34    33     -    12     -     -

 IAA       
 gps_iaa_*.eop                  4     5     -     0     -     -      29
 56963.50 to 56991.50          50    42     -    19     -     -

 MIT       
 mit*.erp                      12    12     -     2     -     -      29
 56963.50 to 56991.50          31    26     -     5     -     -

 IGR      *
 igs96p02.erp                  14    18     -     3     -     -      29
 56963.50 to 56991.50          23    21     -     5     -     -

 IGS      *
 igs00p03.erp                   6     6     -     0     -     -      29
 56963.50 to 56991.50          19    19     -     5     -     -


 SLR

 MCC       
 tg*.02                       204   204     -    21     -     -      26
 56963.00 to 56992.00         164   146     -   131     -     -

 IAA       
 slr_iaa_*.eop                 62    54     -     3     -     -      30
 56963.00 to 56992.00         193   273     -    20     -     -

 CGS       
 asi*.eop                      85    81     -    18     -     -      29
 56963.50 to 56991.50         238   216     -    39     -     -

 ILRS     *
 ilrsa.eop                     52    50     -     8     -     -      14
 56978.50 to 56991.50         129    80     -    21     -     -


 BULLETIN A

 NEOS      
 mark3.out                     30    23     5     -     -     -      30
 56963.00 to 56992.00          23    23     7     -     -     -

To unsubscribe : http://hpiers.obspm.fr/eop-pc/products/bulletins/bulletin_registration.html