                                                                BULLETIN B 397
                                        			1 March 2021   
    
 Contents are described in ftp://hpiers.obspm.fr/iers/bul/bulb_new/bulletinb.pdf 
	
 1 - DAILY FINAL VALUES OF x, y, UT1-UTC, dX, dY
 Angular unit is milliarcsecond (mas), time unit is millisecond (ms). 
 Upgraded solution from March 1 2017 - consistent with ITRF 2014.
 
       DATE     MJD       x       y      UT1-UTC      dX     dY     x err    y err   UT1 err  dX err  dY err
    (0 h UTC)            mas     mas       ms         mas    mas     mas      mas      ms     mas     mas

 Final values 

 Mean formal error      0.041    0.037    0.0112    0.036  0.124 
 
2021   1   2   59216   67.783  305.455 -174.8394    0.066  0.106    0.074    0.073    0.0105  0.081  0.163
2021   1   3   59217   66.068  306.714 -174.4761    0.098  0.093    0.074    0.072    0.0104  0.081  0.160
2021   1   4   59218   63.906  307.809 -174.3246    0.129  0.079    0.074    0.071    0.0103  0.082  0.157
2021   1   5   59219   61.685  308.623 -174.3819    0.161  0.066    0.073    0.069    0.0102  0.082  0.154
2021   1   6   59220   60.391  309.503 -174.6023    0.217  0.116    0.072    0.067    0.0101  0.083  0.151
2021   1   7   59221   59.466  310.304 -174.8751    0.280  0.184    0.071    0.066    0.0100  0.083  0.148
2021   1   8   59222   59.005  311.054 -175.0757    0.343  0.251    0.070    0.065    0.0099  0.083  0.145
2021   1   9   59223   58.270  311.975 -175.0823    0.324  0.251    0.069    0.063    0.0097  0.083  0.140
2021   1  10   59224   58.057  313.002 -174.8654    0.274  0.224    0.068    0.062    0.0096  0.083  0.135
2021   1  11   59225   57.636  314.178 -174.4765    0.223  0.197    0.067    0.060    0.0094  0.084  0.130
2021   1  12   59226   57.033  314.438 -173.9724    0.172  0.171    0.065    0.059    0.0093  0.084  0.126
2021   1  13   59227   56.028  315.487 -173.4272    0.217  0.094    0.028    0.024    0.0099  0.085  0.126
2021   1  14   59228   54.873  316.051 -172.9081    0.286  0.004    0.025    0.020    0.0102  0.086  0.127
2021   1  15   59229   54.335  316.875 -172.4606    0.356 -0.087    0.024    0.020    0.0114  0.087  0.128
2021   1  16   59230   53.758  317.833 -172.1004    0.345 -0.055    0.024    0.021    0.0116  0.088  0.128
2021   1  17   59231   52.962  318.726 -171.8081    0.303  0.022    0.024    0.021    0.0119  0.089  0.127
2021   1  18   59232   52.474  319.502 -171.5790    0.261  0.100    0.024    0.021    0.0122  0.090  0.126
2021   1  19   59233   52.506  319.950 -171.4126    0.219  0.177    0.024    0.021    0.0122  0.091  0.125
2021   1  20   59234   52.837  320.909 -171.2427    0.232  0.155    0.023    0.021    0.0124  0.093  0.122
2021   1  21   59235   52.498  321.943 -171.0484    0.259  0.107    0.024    0.023    0.0129  0.094  0.119
2021   1  22   59236   52.370  323.115 -170.7975    0.286  0.058    0.024    0.023    0.0122  0.095  0.116
2021   1  23   59237   52.397  324.238 -170.4758    0.283  0.055    0.024    0.023    0.0122  0.096  0.112
2021   1  24   59238   51.888  325.635 -170.0327    0.269  0.069    0.025    0.023    0.0123  0.097  0.108
2021   1  25   59239   50.946  327.158 -169.4247    0.255  0.082    0.025    0.024    0.0126  0.099  0.105
2021   1  26   59240   50.305  328.651 -168.7165    0.241  0.096    0.025    0.024    0.0124  0.100  0.102
2021   1  27   59241   50.009  330.496 -168.0026    0.276  0.078    0.025    0.024    0.0124  0.101  0.100
2021   1  28   59242   49.854  332.424 -167.3675    0.324  0.051    0.025    0.023    0.0124  0.103  0.100
2021   1  29   59243   49.925  334.359 -166.9073    0.372  0.024    0.026    0.023    0.0123  0.104  0.099
2021   1  30   59244   49.593  336.126 -166.6565    0.332  0.021    0.026    0.023    0.0119  0.105  0.098
2021   1  31   59245   49.315  337.874 -166.6887    0.256  0.028    0.026    0.023    0.0119  0.107  0.097
2021   2   1   59246   49.421  339.866 -167.0204    0.180  0.034    0.026    0.022    0.0118  0.108  0.096

 Preliminary extension 
2021   2   2   59247   49.489  341.693 -167.5613    0.105  0.040    0.026    0.022    0.0118  0.110  0.095
2021   2   3   59248   49.275  343.179 -168.2256    0.130  0.038    0.027    0.022    0.0117  0.112  0.097
2021   2   4   59249   49.229  344.349 -168.8540    0.183  0.033    0.027    0.021    0.0117  0.114  0.100
2021   2   5   59250   49.263  345.631 -169.2934    0.235  0.028    0.027    0.021    0.0117  0.116  0.102
2021   2   6   59251   49.154  346.982 -169.5486    0.241  0.065    0.027    0.021    0.0118  0.118  0.107
2021   2   7   59252   49.077  348.359 -169.6840    0.229  0.117    0.027    0.021    0.0120  0.121  0.112
2021   2   8   59253   49.308  349.885 -169.4926    0.217  0.168    0.027    0.021    0.0121  0.124  0.118
2021   2   9   59254   49.923  351.344 -169.3376    0.205  0.220    0.027    0.021    0.0123  0.127  0.125
2021   2  10   59255   50.603  352.626 -169.2426    0.210  0.148    0.027    0.021    0.0124  0.130  0.131
2021   2  11   59256   51.211  353.803 -169.2658    0.220  0.042    0.026    0.021    0.0125  0.133  0.137
2021   2  12   59257   51.378  354.940 -169.4150    0.229 -0.063    0.026    0.021    0.0126  0.136  0.143
2021   2  13   59258   51.479  355.707 -169.7652    0.230  0.016    0.026    0.022    0.0128  0.500  0.500
2021   2  14   59259   51.914  356.751 -170.1589    0.236  0.019    0.026    0.022    0.0130  0.500  0.500
2021   2  15   59260   51.716  358.128 -170.6696    0.238  0.029    0.026    0.022    0.0132  0.500  0.500
2021   2  16   59261   50.950  359.288 -171.2650    0.239  0.037    0.026    0.023    0.0134  0.500  0.500
2021   2  17   59262   50.331  360.341 -171.6589    0.239  0.041    0.026    0.023    0.0136  0.500  0.500
2021   2  18   59263   50.381  361.165 -171.9652    0.238  0.039    0.026    0.024    0.0137  0.500  0.500
2021   2  19   59264   50.893  361.984 -172.0114    0.236  0.035    0.026    0.024    0.0138  0.500  0.500
2021   2  20   59265   51.497  363.072 -171.9392    0.234  0.033    0.026    0.025    0.0139  0.500  0.500
2021   2  21   59266   51.467  363.916 -171.5911    0.232  0.036    0.026    0.025    0.0141  0.500  0.500
2021   2  22   59267   50.697  364.565 -171.0592    0.234  0.040    0.026    0.026    0.0144  0.500  0.500
2021   2  23   59268   49.842  365.313 -170.4249    0.239  0.043    0.027    0.026    0.0148  0.500  0.500
2021   2  24   59269   49.398  365.595 -169.8172    0.246  0.043    0.028    0.027    0.0152  0.500  0.500
2021   2  25   59270   49.801  366.059 -169.3451    0.249  0.039    0.029    0.028    0.0156  0.500  0.500
2021   2  26   59271   50.307  367.075 -169.0891    0.244  0.034    0.031    0.029    0.0159  0.500  0.500
2021   2  27   59272   50.437  368.521 -169.0832    0.231  0.031    0.033    0.030    0.0163  0.500  0.500
2021   2  28   59273   50.499  370.255 -169.3178    0.213  0.029    0.035    0.032    0.0167  0.500  0.500
2021   3   1   59274   50.566  371.903 -169.8384    0.197  0.028    0.037    0.033    0.0173  0.500  0.500
 
	
 2 - DAILY FINAL VALUES OF CELESTIAL POLE OFFSETS dPsi1980 & dEps1980
  dPsi1980   dEps1980 ....dPsi,dEps / IAU 1980 precession-nutation model      
 Description : ftp://hpiers.obspm.fr/iers/bul/bulb_new/bulletinb.pdf
 The Reference Systems are described in the 2006 IERS Annual Report.
 
       DATE     MJD    dPsi1980   dEps1980  sig dPsi  sig dEps   
    (0 h UTC)             mas        mas      mas       mas   

2021   1   2   59216  -109.207    -5.801     0.204     0.163
2021   1   3   59217  -108.905    -5.788     0.204     0.160
2021   1   4   59218  -108.696    -5.815     0.206     0.157
2021   1   5   59219  -108.543    -5.819     0.206     0.154
2021   1   6   59220  -108.462    -5.682     0.209     0.151
2021   1   7   59221  -108.581    -5.464     0.209     0.148
2021   1   8   59222  -108.877    -5.271     0.209     0.145
2021   1   9   59223  -109.379    -5.254     0.209     0.140
2021   1  10   59224  -109.768    -5.367     0.209     0.135
2021   1  11   59225  -109.894    -5.482     0.211     0.130
2021   1  12   59226  -109.829    -5.535     0.211     0.126
2021   1  13   59227  -109.447    -5.630     0.214     0.126
2021   1  14   59228  -108.989    -5.826     0.216     0.127
2021   1  15   59229  -108.538    -6.095     0.219     0.128
2021   1  16   59230  -108.364    -6.182     0.221     0.128
2021   1  17   59231  -108.435    -6.070     0.224     0.127
2021   1  18   59232  -108.695    -5.858     0.226     0.126
2021   1  19   59233  -109.065    -5.679     0.229     0.125
2021   1  20   59234  -109.276    -5.677     0.234     0.122
2021   1  21   59235  -109.337    -5.704     0.236     0.119
2021   1  22   59236  -109.260    -5.651     0.239     0.116
2021   1  23   59237  -109.170    -5.507     0.241     0.112
2021   1  24   59238  -109.121    -5.441     0.244     0.108
2021   1  25   59239  -109.156    -5.579     0.249     0.105
2021   1  26   59240  -109.246    -5.884     0.251     0.102
2021   1  27   59241  -109.141    -6.231     0.254     0.100
2021   1  28   59242  -108.815    -6.433     0.259     0.100
2021   1  29   59243  -108.303    -6.429     0.261     0.099
2021   1  30   59244  -107.964    -6.280     0.264     0.098
2021   1  31   59245  -107.846    -6.140     0.269     0.097
2021   2   1   59246  -107.967    -6.108     0.271     0.096


 3 - EARTH ANGULAR VELOCITY : DAILY FINAL VALUES OF LOD, OMEGA AT 0hUTC
 
 LOD     : Excess of the Length of day - 86400 s TAI 
 OMEGA   : Earth angular velocity  
 Description: ftp://hpiers.obspm.fr/iers/bul/bulb_new/bulletinb.pdf
 
    DATE        MJD     LOD     sigma      OMEGA           sigma        
 (0 h UTC)              ms       ms        mas/ms          mas/ms

2021   1   2   59216 -0.4419  0.0077  15.04106725560    0.00000000134 
2021   1   3   59217 -0.2389  0.0077  15.04106722026    0.00000000134 
2021   1   4   59218 -0.0472  0.0076  15.04106718689    0.00000000132 
2021   1   5   59219  0.1362  0.0076  15.04106715496    0.00000000132 
2021   1   6   59220  0.2499  0.0076  15.04106713517    0.00000000132 
2021   1   7   59221  0.2552  0.0075  15.04106713424    0.00000000131 
2021   1   8   59222  0.1439  0.0075  15.04106715362    0.00000000131 
2021   1   9   59223 -0.0968  0.0074  15.04106719552    0.00000000129 
2021   1  10   59224 -0.3119  0.0074  15.04106723297    0.00000000129 
2021   1  11   59225 -0.4727  0.0073  15.04106726096    0.00000000127 
2021   1  12   59226 -0.5349  0.0073  15.04106727179    0.00000000127 
2021   1  13   59227 -0.5343  0.0072  15.04106727168    0.00000000125 
2021   1  14   59228 -0.4820  0.0064  15.04106726258    0.00000000111 
2021   1  15   59229 -0.4365  0.0064  15.04106725466    0.00000000111 
2021   1  16   59230 -0.3468  0.0065  15.04106723904    0.00000000113 
2021   1  17   59231 -0.2251  0.0065  15.04106721786    0.00000000113 
2021   1  18   59232 -0.1821  0.0065  15.04106721037    0.00000000113 
2021   1  19   59233 -0.1740  0.0066  15.04106720896    0.00000000115 
2021   1  20   59234 -0.1911  0.0066  15.04106721194    0.00000000115 
2021   1  21   59235 -0.2353  0.0069  15.04106721963    0.00000000120 
2021   1  22   59236 -0.2896  0.0069  15.04106722909    0.00000000120 
2021   1  23   59237 -0.4014  0.0070  15.04106724855    0.00000000122 
2021   1  24   59238 -0.5333  0.0070  15.04106727151    0.00000000122 
2021   1  25   59239 -0.6595  0.0071  15.04106729348    0.00000000124 
2021   1  26   59240 -0.7026  0.0071  15.04106730098    0.00000000124 
2021   1  27   59241 -0.6860  0.0072  15.04106729809    0.00000000125 
2021   1  28   59242 -0.5433  0.0071  15.04106727325    0.00000000124 
2021   1  29   59243 -0.3382  0.0071  15.04106723755    0.00000000124 
2021   1  30   59244 -0.1087  0.0072  15.04106719759    0.00000000125 
2021   1  31   59245  0.1728  0.0072  15.04106714859    0.00000000125 
2021   2   1   59246  0.4270  0.0072  15.04106710434    0.00000000125 


 4 - INFORMATION ON TIME SCALES 
     
         
     TAI - UTC = 37 s.         during period [59216-59246]

     No leap second introduced during period [59216-59246]

     All information concerning time scales : 
	 - leap seconds announcements : Bulletin C 
	 - DUT1 announcements (UT1-UTC with 0.1 s accuracy) : Bulletin D
      can be found at : 
         - web site : http://hpiers.obspm.fr/eop-pc/
         - anonymous ftp://hpiers.obspm.fr/iers/ 


 5 - SUMMARY OF CONTRIBUTED EARTH ORIENTATION PARAMETERS SERIES
 This section gives the average precision of the individual series, some of them
 contributing to the combination (*) and their average agreement with it. 
 The period covered is that one of Bulletin B. 
 
    Units :  micro-arc-seconds for x/y/dX/dY        micro-seconds for UT1/LOD
-----------------------------------------------------------------------------
  EOP series             first line  : Mean  formal  uncertainty
  Periods covered        second line : Weighted RMS agreement with Bulletin B
-----------------------------------------------------------------------------
                                x     y    UT1   LOD   dX    dY   Data Number		

 VLBI Standards

 CGS       
 cgs2007a.eops                124   171    24     -     0     0       9
 59219.16 to 59243.29         303   740    18     -   243   344

 BKG       
 bkg00020a.eops                68    75     3     -    15    43       9
 59219.21 to 59243.27          71    94    12     -    73    69

 GSFC      
 gsf2020a.eoxy                 82    95     6    22    21    68      11
 59219.21 to 59243.27          47   170    13   128    83    75

 IAA       
 iaa2007a.eops                 49    54     3     -    15    38       2
 59219.21 to 59226.21          51    51    13     -    56   158

 USNO      
 usn2020b.eoxy                 52    44     3     -    17    46       7
 59219.21 to 59243.27          51    98     9     -    59    41

 IVS      *
 ivs20r1X.eops                 41    31     2     -    11    29       8
 59219.21 to 59243.28          41    39     7     -    15    14


 VLBI Intensive

 GSI      *
 gsiint2c.eopi                  -     -     3     -     -     -       8
 59217.33 to 59245.33           -     -    29     -     -     -

 BKG      *
 bkg2020.eopi                   -     -    11     -     -     -      30
 59217.33 to 59245.33           -     -    27     -     -     -

 GSFC     *
 gsf2020a.eopi                  -     -    11     -     -     -      30
 59217.33 to 59245.33           -     -    31     -     -     -

 IAA      *
 iaa2021a.eopi                  -     -    32     -     -     -      33
 59217.33 to 59245.33           -     -    36     -     -     -

 USNO     *
 usn2020d.eopi                  -     -    14     -     -     -      56
 59216.79 to 59245.79           -     -    33     -     -     -


 GPS

 CODE      
 COD*ERP_R                      5     5     -     0     -     -      30
 59216.50 to 59245.50          44    40     -    12     -     -

 JPL       
 jpl*.erp                       9    10     -     5     -     -      30
 59216.50 to 59245.50          51    48     -    20     -     -

 GFZ       
 gfz*.erp                       6     7     -     1     -     -      30
 59216.50 to 59245.50          39    42     -    10     -     -

 ESOC      
 esa*.erp                       8     9     -     3     -     -      30
 59216.50 to 59245.50          45    36     -    13     -     -

 SIO       
 sio*.erp  siu*.erp            34    33     -     5     -     -      24
 59217.50 to 59245.50          56    52     -    13     -     -

 EMR       
 emr*.erp                       3     3     -     0     -     -      30
 59216.50 to 59245.50          55    51     -    15     -     -

 IAA       
 gnss.res                       0     0     -     0     -     -      30
 59216.50 to 59245.50          53    87     -    29     -     -

 GRGS      
 grg*.erp                     104   104     -     0     -     -      30
 59216.50 to 59245.50          32    31     -    11     -     -

 ASI       
 asi*.erp                       8     8     -     0     -     -      29
 59216.50 to 59244.50          50    38     -    53     -     -

 MIT       
 mit*.erp                      12    12     -     1     -     -      30
 59216.50 to 59245.50          51    43     -    14     -     -

 IGR      *
 igs96p02.erp                   9    11     -     2     -     -      30
 59216.50 to 59245.50          38    40     -    11     -     -

 IGS      *
 igs00p03.erp                   3     3     -     0     -     -      16
 59216.50 to 59245.50          52    47     -    14     -     -


 SLR

 MCC       
 tg*.02                       205   206     -    27     -     -      31
 59216.00 to 59246.00          92   167     -    80     -     -

 IAA       
 slr_v.dat                     75    80     -     5     -     -      29
 59216.00 to 59246.00         183   205     -    20     -     -

 ASI       
 slr_oca*.eop                 102    89     -    23     -     -      25
 59216.50 to 59240.50         203   182     -    91     -     -

 ILRS     *
 ilrsa.eop                     68    61     -    10     -     -      30
 59216.50 to 59245.50         173   199     -    30     -     -


 BULLETIN A

 NEOS      
 mark3.out                     17    18     5     -     -     -      31
 59216.00 to 59246.00          52    47    17     -     -     -

To unsubscribe : http://hpiers.obspm.fr/eop-pc/products/bulletins/bulletin_registration.html