                                                                BULLETIN B 429
                                        			2 November 2023   
    
 Contents are described in https://hpiers.obspm.fr/iers/bul/bulb_new/bulletinb.pdf 
	
 1 - DAILY FINAL VALUES OF x, y, UT1-UTC, dX, dY
 Angular unit is milliarcsecond (mas), time unit is millisecond (ms). 
 Upgraded solution from March 1 2017 - consistent with ITRF 2014.
 
       DATE     MJD       x       y      UT1-UTC      dX     dY     x err    y err   UT1 err  dX err  dY err
    (0 h UTC)            mas     mas       ms         mas    mas     mas      mas      ms     mas     mas

 Final values 

 Mean formal error      0.060    0.054    0.0212    0.055  0.051 
 
2023   9   2   60189  304.825  411.174    2.2047    0.369 -0.179    0.064    0.058    0.0331  0.091  0.086
2023   9   3   60190  304.727  409.265    1.9255    0.319 -0.144    0.061    0.054    0.0359  0.079  0.075
2023   9   4   60191  304.257  407.156    1.8953    0.275 -0.111    0.063    0.055    0.0390  0.065  0.062
2023   9   5   60192  304.229  404.886    2.1594    0.248 -0.084    0.063    0.057    0.0348  0.054  0.051
2023   9   6   60193  304.276  402.304    2.7036    0.249 -0.067    0.061    0.060    0.0265  0.047  0.045
2023   9   7   60194  304.265  399.324    3.4693    0.323 -0.064    0.064    0.059    0.0222  0.048  0.047
2023   9   8   60195  305.032  395.644    4.3809    0.401 -0.078    0.067    0.058    0.0185  0.051  0.051
2023   9   9   60196  306.254  392.502    5.3793    0.429 -0.137    0.065    0.057    0.0162  0.054  0.059
2023   9  10   60197  307.408  389.458    6.3492    0.420 -0.197    0.063    0.056    0.0125  0.058  0.068
2023   9  11   60198  308.542  386.795    7.2245    0.400 -0.172    0.061    0.058    0.0116  0.056  0.064
2023   9  12   60199  309.341  384.450    7.9652    0.378 -0.099    0.057    0.056    0.0118  0.049  0.053
2023   9  13   60200  309.615  382.316    8.5199    0.372 -0.089    0.056    0.057    0.0128  0.049  0.050
2023   9  14   60201  309.657  380.143    8.8938    0.378 -0.124    0.059    0.057    0.0145  0.051  0.050
2023   9  15   60202  309.721  377.614    9.1238    0.390 -0.173    0.058    0.058    0.0160  0.053  0.049
2023   9  16   60203  309.751  374.744    9.2593    0.409 -0.191    0.058    0.057    0.0167  0.052  0.048
2023   9  17   60204  309.757  371.760    9.3601    0.426 -0.185    0.062    0.057    0.0168  0.051  0.045
2023   9  18   60205  308.886  369.108    9.5049    0.429 -0.163    0.069    0.056    0.0166  0.048  0.042
2023   9  19   60206  308.208  366.181    9.7240    0.407 -0.125    0.063    0.054    0.0167  0.047  0.040
2023   9  20   60207  307.457  363.678   10.0660    0.336 -0.062    0.057    0.054    0.0184  0.051  0.042
2023   9  21   60208  306.721  360.579   10.5661    0.247  0.006    0.053    0.053    0.0212  0.056  0.046
2023   9  22   60209  306.436  357.851   11.2184    0.201  0.033    0.051    0.051    0.0237  0.057  0.047
2023   9  23   60210  305.659  354.987   11.9856    0.196  0.023    0.051    0.051    0.0243  0.056  0.048
2023   9  24   60211  305.106  351.922   12.7431    0.211 -0.007    0.052    0.049    0.0184  0.056  0.048
2023   9  25   60212  304.158  349.002   13.3969    0.236 -0.048    0.053    0.048    0.0204  0.055  0.049
2023   9  26   60213  303.399  346.155   13.8149    0.262 -0.089    0.056    0.051    0.0211  0.055  0.049
2023   9  27   60214  302.795  343.537   13.8975    0.279 -0.123    0.067    0.052    0.0212  0.054  0.049
2023   9  28   60215  302.657  340.917   13.5997    0.264 -0.130    0.064    0.054    0.0225  0.055  0.048
2023   9  29   60216  302.155  338.760   13.0375    0.241 -0.127    0.066    0.054    0.0249  0.057  0.048
2023   9  30   60217  301.747  336.425   12.3503    0.220 -0.116    0.066    0.054    0.0285  0.058  0.048
2023  10   1   60218  301.385  334.305   11.7122    0.204 -0.101    0.066    0.054    0.0203  0.060  0.051

 Preliminary extension 
2023  10   2   60219  300.711  331.993   11.3503    0.195 -0.086    0.064    0.051    0.0198  0.062  0.053
2023  10   3   60220  299.885  329.539   11.3093    0.197 -0.073    0.062    0.049    0.0192  0.064  0.055
2023  10   4   60221  298.736  326.790   11.5767    0.225 -0.077    0.057    0.045    0.0193  0.067  0.058
2023  10   5   60222  298.229  324.036   12.0713    0.263 -0.085    0.053    0.043    0.0205  0.072  0.061
2023  10   6   60223  297.911  321.508   12.7182    0.302 -0.092    0.050    0.041    0.0233  0.077  0.063
2023  10   7   60224  297.535  319.117   13.3929    0.324 -0.075    0.048    0.039    0.0267  0.075  0.062
2023  10   8   60225  296.874  316.804   13.9808    0.335 -0.048    0.047    0.038    0.0275  0.068  0.057
2023  10   9   60226  295.925  314.671   14.3996    0.337 -0.022    0.046    0.038    0.0240  0.061  0.051
2023  10  10   60227  294.912  312.276   14.6307    0.333 -0.005    0.046    0.038    0.0206  0.056  0.047
2023  10  11   60228  293.790  309.920   14.6644    0.320 -0.022    0.047    0.039    0.0182  0.054  0.047
2023  10  12   60229  292.323  307.368   14.5208    0.302 -0.053    0.048    0.041    0.0163  0.052  0.047
2023  10  13   60230  291.413  304.754   14.2818    0.280 -0.086    0.049    0.042    0.0151  0.050  0.047
2023  10  14   60231  290.959  302.937   13.9808    0.262 -0.097    0.050    0.044    0.0149  0.056  0.057
2023  10  15   60232  290.198  301.059   13.6542    0.245 -0.091    0.053    0.046    0.0157  0.071  0.079
2023  10  16   60233  289.539  298.963   13.4078    0.227 -0.079    0.056    0.047    0.0177  0.088  0.104
2023  10  17   60234  288.890  296.753   13.3101    0.206 -0.063    0.057    0.048    0.0203  0.101  0.123
2023  10  18   60235  288.056  294.631   13.3727    0.182 -0.047    0.058    0.048    0.0230  0.108  0.133
2023  10  19   60236  286.828  292.932   13.6049    0.170 -0.040    0.059    0.048    0.0257  0.124  0.154
2023  10  20   60237  285.169  291.140   13.9256    0.129 -0.030    0.061    0.049    0.0233  0.138  0.174
2023  10  21   60238  283.895  289.367   14.2359    0.272 -0.034    0.062    0.048    0.0217  0.500  0.500
2023  10  22   60239  282.739  287.402   14.4527    0.280 -0.044    0.061    0.048    0.0230  0.500  0.500
2023  10  23   60240  281.943  284.996   14.4803    0.284 -0.052    0.060    0.048    0.0266  0.500  0.500
2023  10  24   60241  281.313  282.385   14.2458    0.281 -0.057    0.060    0.049    0.0285  0.500  0.500
2023  10  25   60242  280.640  279.904   13.7361    0.270 -0.058    0.061    0.051    0.0266  0.500  0.500
2023  10  26   60243  280.205  277.768   13.0039    0.254 -0.058    0.065    0.054    0.0252  0.500  0.500
2023  10  27   60244  279.991  275.705   12.1735    0.238 -0.054    0.071    0.057    0.0250  0.500  0.500
2023  10  28   60245  280.019  274.120   11.4480    0.227 -0.048    0.079    0.063    0.0259  0.500  0.500
2023  10  29   60246  279.544  272.831   10.9857    0.224 -0.039    0.091    0.071    0.0293  0.500  0.500
2023  10  30   60247  278.142  271.690   10.8529    0.229 -0.028    0.106    0.084    0.0346  0.500  0.500
2023  10  31   60248  276.317  270.276   10.9640    0.238 -0.017    0.126    0.103    0.0406  0.500  0.500
2023  11   1   60249  274.562  268.360   11.2850    0.248 -0.011    0.153    0.127    0.0427  0.500  0.500
 
	
 2 - DAILY FINAL VALUES OF CELESTIAL POLE OFFSETS dPsi1980 & dEps1980
  dPsi1980   dEps1980 ....dPsi,dEps / IAU 1980 precession-nutation model      
 Description : ftp://hpiers.obspm.fr/iers/bul/bulb_new/bulletinb.pdf
 The Reference Systems are described in the 2006 IERS Annual Report.
 
       DATE     MJD    dPsi1980   dEps1980  sig dPsi  sig dEps   
    (0 h UTC)             mas        mas      mas       mas   

2023   9   2   60189  -119.329    -9.293     0.228     0.086
2023   9   3   60190  -119.472    -9.461     0.200     0.075
2023   9   4   60191  -119.709    -9.301     0.164     0.062
2023   9   5   60192  -120.091    -9.090     0.135     0.051
2023   9   6   60193  -120.353    -9.124     0.119     0.045
2023   9   7   60194  -120.231    -9.351     0.122     0.047
2023   9   8   60195  -119.988    -9.520     0.128     0.051
2023   9   9   60196  -119.832    -9.558     0.137     0.059
2023   9  10   60197  -119.671    -9.536     0.147     0.068
2023   9  11   60198  -119.423    -9.464     0.140     0.064
2023   9  12   60199  -119.169    -9.303     0.124     0.053
2023   9  13   60200  -118.964    -9.046     0.123     0.050
2023   9  14   60201  -118.809    -8.719     0.128     0.050
2023   9  15   60202  -118.667    -8.501     0.133     0.049
2023   9  16   60203  -118.529    -8.503     0.131     0.048
2023   9  17   60204  -118.451    -8.682     0.127     0.045
2023   9  18   60205  -118.457    -8.880     0.122     0.042
2023   9  19   60206  -118.563    -9.000     0.118     0.040
2023   9  20   60207  -118.869    -9.060     0.127     0.042
2023   9  21   60208  -119.283    -9.118     0.140     0.046
2023   9  22   60209  -119.529    -9.192     0.143     0.047
2023   9  23   60210  -119.445    -9.228     0.142     0.048
2023   9  24   60211  -119.033    -9.199     0.140     0.048
2023   9  25   60212  -118.449    -9.085     0.139     0.049
2023   9  26   60213  -117.987    -8.827     0.137     0.049
2023   9  27   60214  -117.925    -8.449     0.137     0.049
2023   9  28   60215  -118.314    -8.163     0.139     0.048
2023   9  29   60216  -118.728    -8.223     0.143     0.048
2023   9  30   60217  -118.801    -8.546     0.146     0.048
2023  10   1   60218  -118.634    -8.774     0.151     0.051


 3 - EARTH ANGULAR VELOCITY : DAILY FINAL VALUES OF LOD, OMEGA AT 0hUTC
 
 LOD     : Excess of the Length of day - 86400 s TAI 
 OMEGA   : Earth angular velocity  
 Description: ftp://hpiers.obspm.fr/iers/bul/bulb_new/bulletinb.pdf
 
    DATE        MJD     LOD     sigma      OMEGA           sigma        
 (0 h UTC)              ms       ms        mas/ms          mas/ms

2023   9   2   60189  0.3621  0.0275  15.04106711563    0.00000000479 
2023   9   3   60190  0.1717  0.0268  15.04106714878    0.00000000467 
2023   9   4   60191 -0.1167  0.0265  15.04106719899    0.00000000461 
2023   9   5   60192 -0.4104  0.0278  15.04106725012    0.00000000484 
2023   9   6   60193 -0.6694  0.0266  15.04106729520    0.00000000463 
2023   9   7   60194 -0.8541  0.0256  15.04106732736    0.00000000446 
2023   9   8   60195 -0.9660  0.0254  15.04106734684    0.00000000442 
2023   9   9   60196 -1.0078  0.0258  15.04106735411    0.00000000449 
2023   9  10   60197 -0.9389  0.0246  15.04106734212    0.00000000428 
2023   9  11   60198 -0.8138  0.0241  15.04106732034    0.00000000420 
2023   9  12   60199 -0.6524  0.0236  15.04106729224    0.00000000411 
2023   9  13   60200 -0.4607  0.0235  15.04106725887    0.00000000409 
2023   9  14   60201 -0.2943  0.0250  15.04106722990    0.00000000435 
2023   9  15   60202 -0.1728  0.0245  15.04106720875    0.00000000427 
2023   9  16   60203 -0.1085  0.0240  15.04106719756    0.00000000418 
2023   9  17   60204 -0.1099  0.0240  15.04106719780    0.00000000418 
2023   9  18   60205 -0.1781  0.0241  15.04106720968    0.00000000420 
2023   9  19   60206 -0.2734  0.0254  15.04106722627    0.00000000442 
2023   9  20   60207 -0.4199  0.0253  15.04106725177    0.00000000440 
2023   9  21   60208 -0.5828  0.0258  15.04106728013    0.00000000449 
2023   9  22   60209 -0.7202  0.0264  15.04106730405    0.00000000460 
2023   9  23   60210 -0.7903  0.0277  15.04106731625    0.00000000482 
2023   9  24   60211 -0.7312  0.0279  15.04106730596    0.00000000486 
2023   9  25   60212 -0.5477  0.0275  15.04106727402    0.00000000479 
2023   9  26   60213 -0.2602  0.0280  15.04106722397    0.00000000487 
2023   9  27   60214  0.1144  0.0578  15.04106715875    0.00000001006 
2023   9  28   60215  0.4553  0.0476  15.04106709941    0.00000000829 
2023   9  29   60216  0.6477  0.0409  15.04106706591    0.00000000712 
2023   9  30   60217  0.6788  0.0373  15.04106706050    0.00000000649 
2023  10   1   60218  0.5107  0.0333  15.04106708976    0.00000000580 


 4 - INFORMATION ON TIME SCALES 
     
         
     TAI - UTC = 37 s.         during period [60189-60218]

     No leap second introduced during period [60189-60218]

     All information concerning time scales : 
	 - leap seconds announcements : Bulletin C 
	 - DUT1 announcements (UT1-UTC with 0.1 s accuracy) : Bulletin D
      can be found at : 
         - web site : http://hpiers.obspm.fr/eop-pc/
         - anonymous ftp://hpiers.obspm.fr/iers/ 


 5 - SUMMARY OF CONTRIBUTED EARTH ORIENTATION PARAMETERS SERIES
 This section gives the average precision of the individual series, some of them
 contributing to the combination (*) and their average agreement with it. 
 The period covered is that one of Bulletin B. 
 
    Units :  micro-arc-seconds for x/y/dX/dY        micro-seconds for UT1/LOD
-----------------------------------------------------------------------------
  EOP series             first line  : Mean  formal  uncertainty
  Periods covered        second line : Weighted RMS agreement with Bulletin B
-----------------------------------------------------------------------------
                                x     y    UT1   LOD   dX    dY   Data Number		

 VLBI Standards

 BKG       
 bkg2023a.eoxy                 59    61     3     -    42    39      11
 60193.21 to 60216.27         133   165    25     -    58   113

 GSFC      
 gsf2023a.eoxy                 58    61     3     9    44    41      14
 60193.21 to 60216.27         174   186    26    14    80    97

 IAA       
 iaa2021a.eops                266   218    18     -   178   165       8
 60193.21 to 60216.27         665  1088    30     -   207   487

 USNO      
 usn2023b.eoxy                 41    37     2     -    36    38       9
 60193.21 to 60216.27          76   126    21     -    50    31

 IVS      *
 ivs2023a.eoxy                 41    54     3     -    29    29       8
 60193.22 to 60216.28         150    95    19     -     7     6

 OPA      *
 opa2023a.eops                213   208    14     -   189   133       7
 60193.21 to 60208.27       13438  9187   374     -   731  1249

 ASI       
 asi2023a.eoxy                210   190    17     -   165   163      12
 60193.21 to 60216.27         325   300    25     -   172   299


 VLBI Intensive

 GSI      *
 gsiint2d.eopi                  -     -     7     -     -     -       8
 60189.33 to 60217.33           -     -    30     -     -     -

 BKG      *
 bkg2023.eopi                   -     -     7     -     -     -      59
 60189.33 to 60217.33           -     -    47     -     -     -

 GSFC     *
 gsf2023a.eopi                  -     -    13     -     -     -      58
 60189.33 to 60217.33           -     -    55     -     -     -

 IAA      *
 iaa2021a.eopi                  -     -    33     -     -     -      47
 60189.33 to 60217.33           -     -   108     -     -     -

 USNO     *
 usn2023b.eopi                  -     -    13     -     -     -      41
 60189.33 to 60217.33           -     -    55     -     -     -


 GPS

 CODE      
 COD0OPSFIN                     3     3     -     0     -     -      29
 60189.50 to 60217.50          31    32     -    13     -     -

 JPL       
 JPL0OPSFIN                     9    11     -     7     -     -      29
 60189.50 to 60217.50          47    40     -    15     -     -

 GFZ       
 GFZ0OPSFIN                     4     4     -     1     -     -      29
 60189.50 to 60217.50          43    34     -    11     -     -

 ESA       
 ESA0OPSFIN                     5     6     -     3     -     -      29
 60189.50 to 60217.50          38    33     -     9     -     -

 SIO       
 SIO0OPSFIN                    25    23     -    11     -     -      29
 60189.50 to 60217.50          47    39     -    12     -     -

 EMR       
 EMR0OPSRAP                     3     3     -     1     -     -      29
 60189.50 to 60217.50          57    72     -    13     -     -

 IAA       
 gnss.res                       0     0     -     0     -     -      24
 60189.50 to 60217.50          68    59     -    37     -     -

 GRGS      
 GRG0OPSFIN                   263   263     -     0     -     -      29
 60189.50 to 60217.50          32    31     -    17     -     -

 ASI       
 asi*.erp                      10     9     -     0     -     -      14
 60190.50 to 60203.50          24    33     -    87     -     -

 MIT       
 MIT0OPSFIN                    11    10     -     1     -     -      29
 60189.50 to 60217.50          54    39     -    13     -     -

 IGR      *
 IGS0OPSRAP                    14    16     -     3     -     -      29
 60189.50 to 60217.50          36    33     -    12     -     -

 IGS      *
 IGS0OPSFIN                    10    12     -     2     -     -      29
 60189.50 to 60217.50          30    23     -    10     -     -


 SLR

 MCC       
 tg*.02                       190   215     -    41     -     -      30
 60189.00 to 60218.00         137   178     -   209     -     -

 IAA       
 slr_v.dat                     61    78     -     4     -     -      29
 60189.00 to 60218.00         173   210     -    25     -     -

 ASI       
 asi.*.eop                     58    73     -    14     -     -      29
 60189.50 to 60217.50         166   224     -    41     -     -

 ILRS     *
 ilrsa.eop                     45    55     -    10     -     -      29
 60189.50 to 60217.50         124   175     -    36     -     -


 BULLETIN A

 NEOS      
 mark3.out                     24    34     9     -     -     -      30
 60189.00 to 60218.00          45    50    38     -     -     -

To unsubscribe : http://hpiers.obspm.fr/eop-pc/products/bulletins/bulletin_registration.html