                                                                BULLETIN B 321
                                        			1 Novembre 2014   
    
 Contents are described in ftp://hpiers.obspm.fr/iers/bul/bulb_new/bulletinb.pdf 
	
 1 - DAILY FINAL VALUES OF x, y, UT1-UTC, dX, dY
 Angular unit is milliarcsecond (mas), time unit is millisecond (ms). 
 Upgraded solution from February 1 2011 - consistent with ITRF 2008.
 
       DATE     MJD       x       y      UT1-UTC      dX     dY     x err    y err   UT1 err  X err  Y err
    (0 h UTC)            mas     mas       ms         mas    mas     mas      mas      ms     mas     mas

 Final values 

 Mean formal error      0.050    0.048    0.0083    0.042  0.057 
 
2014   9   2   56902  209.660  335.219 -327.6247    0.034 -0.240    0.045    0.046    0.0081  0.031  0.043
2014   9   3   56903  209.254  333.379 -328.1455    0.011 -0.293    0.046    0.050    0.0025  0.014  0.019
2014   9   4   56904  209.037  331.518 -328.6822   -0.023 -0.355    0.050    0.053    0.0089  0.021  0.030
2014   9   5   56905  209.082  329.809 -329.2906   -0.059 -0.410    0.054    0.053    0.0053  0.036  0.050
2014   9   6   56906  209.238  328.265 -330.0434   -0.078 -0.440    0.050    0.050    0.0118  0.037  0.054
2014   9   7   56907  209.075  326.903 -330.9869   -0.089 -0.448    0.050    0.050    0.0100  0.034  0.051
2014   9   8   56908  208.594  325.623 -332.1229   -0.076 -0.421    0.051    0.050    0.0101  0.029  0.048
2014   9   9   56909  207.951  324.033 -333.3963   -0.087 -0.403    0.047    0.050    0.0035  0.026  0.045
2014   9  10   56910  207.098  322.101 -334.6955   -0.194 -0.425    0.050    0.052    0.0057  0.026  0.045
2014   9  11   56911  205.714  319.840 -335.8990   -0.318 -0.445    0.054    0.052    0.0080  0.027  0.045
2014   9  12   56912  204.830  317.418 -336.9328   -0.427 -0.456    0.054    0.051    0.0031  0.029  0.044
2014   9  13   56913  203.746  315.472 -337.7885   -0.426 -0.412    0.050    0.048    0.0097  0.031  0.044
2014   9  14   56914  203.351  313.633 -338.4975   -0.371 -0.343    0.047    0.039    0.0123  0.032  0.042
2014   9  15   56915  203.062  312.329 -339.1027   -0.294 -0.265    0.046    0.040    0.0107  0.035  0.044
2014   9  16   56916  202.703  310.813 -339.6742   -0.207 -0.192    0.048    0.049    0.0033  0.036  0.043
2014   9  17   56917  201.975  309.541 -340.2700   -0.129 -0.175    0.049    0.047    0.0096  0.059  0.086
2014   9  18   56918  201.157  308.055 -340.9300   -0.056 -0.175    0.043    0.043    0.0067  0.088  0.142
2014   9  19   56919  200.493  306.730 -341.6089    0.010 -0.178    0.047    0.043    0.0033  0.117  0.198
2014   9  20   56920  199.681  304.945 -342.3237    0.012 -0.179    0.048    0.048    0.0170  0.107  0.180
2014   9  21   56921  198.904  303.294 -343.0803   -0.016 -0.178    0.095    0.097    0.0081  0.082  0.135
2014   9  22   56922  198.190  301.444 -343.9067   -0.051 -0.184    0.054    0.042    0.0050  0.054  0.087
2014   9  23   56923  197.758  299.623 -344.8263   -0.093 -0.182    0.054    0.045    0.0014  0.027  0.039
2014   9  24   56924  196.669  297.934 -345.7492   -0.114 -0.175    0.049    0.048    0.0075  0.031  0.035
2014   9  25   56925  196.285  296.429 -346.6943   -0.128 -0.164    0.049    0.044    0.0093  0.040  0.035
2014   9  26   56926  195.452  295.342 -347.5866   -0.138 -0.149    0.051    0.045    0.0142  0.049  0.036
2014   9  27   56927  194.323  294.143 -348.3859   -0.142 -0.132    0.051    0.047    0.0198  0.058  0.036
2014   9  28   56928  193.133  293.124 -349.1545   -0.139 -0.113    0.051    0.048    0.0097  0.067  0.037
2014   9  29   56929  192.137  291.848 -349.8722   -0.014 -0.142    0.049    0.048    0.0072  0.012  0.015
2014   9  30   56930  190.868  290.407 -350.5718    0.012 -0.146    0.046    0.045    0.0014  0.009  0.011
2014  10   1   56931  189.323  288.870 -351.2794   -0.005 -0.183    0.042    0.046    0.0166  0.012  0.016

 Preliminary extension 
2014  10   2   56932  187.951  287.387 -352.0416   -0.038 -0.227    0.042    0.046    0.0082  0.016  0.022
2014  10   3   56933  186.395  286.356 -352.9285   -0.074 -0.266    0.044    0.045    0.0104  0.021  0.029
2014  10   4   56934  184.579  285.099 -354.0115   -0.108 -0.296    0.043    0.048    0.0068  0.026  0.036
2014  10   5   56935  182.950  283.923 -355.3081   -0.139 -0.313    0.044    0.050    0.0076  0.031  0.043
2014  10   6   56936  180.754  282.641 -356.7786   -0.164 -0.316    0.044    0.046    0.0072  0.035  0.050
2014  10   7   56937  178.540  281.128 -358.3088   -0.183 -0.308    0.048    0.046    0.0023  0.040  0.057
2014  10   8   56938  176.410  279.481 -359.9097    0.006  0.001    0.051    0.046    0.0062  0.092  0.082
2014  10   9   56939  174.504  277.959 -361.4653    0.006  0.001    0.048    0.046    0.0104  0.106  0.089
2014  10  10   56940  172.102  276.917 -362.8206    0.006  0.001    0.043    0.046    0.0089  0.106  0.089
2014  10  11   56941  169.490  275.690 -363.9955    0.006  0.001    0.039    0.043    0.0142  0.106  0.089
2014  10  12   56942  167.098  274.271 -365.0902    0.006  0.001    0.070    0.080    0.0077  0.106  0.089
2014  10  13   56943  164.929  272.969 -366.0826    0.006  0.001    0.100    0.120    0.0091  0.106  0.089
2014  10  14   56944  163.205  271.611 -366.9860    0.006  0.001    0.066    0.114    0.0183  0.106  0.089
2014  10  15   56945  161.854  270.642 -367.8913    0.006  0.001    0.070    0.107    0.0247  0.106  0.089
2014  10  16   56946  160.363  269.562 -368.8542    0.006  0.000    0.096    0.079    0.0105  0.106  0.089
2014  10  17   56947  158.911  268.438 -369.8261    0.006  0.001    0.070    0.059    0.0127  0.106  0.089
2014  10  18   56948  157.615  267.415 -370.7682    0.006  0.001    0.091    0.129    0.0084  0.106  0.089
2014  10  19   56949  156.221  266.420 -371.8565    0.006  0.001    0.095    0.143    0.0052  0.106  0.089
2014  10  20   56950  154.986  265.181 -373.0116    0.006  0.001    0.071    0.127    0.0119  0.106  0.089
2014  10  21   56951  153.569  264.184 -374.2463    0.006  0.001    0.079    0.156    0.0150  0.106  0.089
2014  10  22   56952  152.557  263.229 -375.6294    0.006  0.000    0.088    0.110    0.0126  0.106  0.089
2014  10  23   56953  151.236  262.583 -377.0334    0.006  0.001    0.291    0.087    0.0084  0.106  0.089
2014  10  24   56954  149.410  261.563 -378.2353    0.006  0.000    0.485    0.124    0.0092  0.106  0.089
2014  10  25   56955  147.300  260.332 -379.5430    0.006  0.001    0.395    0.164    0.0150  0.106  0.089
2014  10  26   56956  144.800  259.107 -380.7767    0.006  0.001    0.318    0.167    0.0333  0.106  0.089
2014  10  27   56957  142.592  257.845 -381.6761    0.006  0.000    0.247    0.085    0.0207  0.106  0.089
2014  10  28   56958  140.662  257.148 -382.6461    0.006  0.001    0.154    0.088    0.0171  0.106  0.089
2014  10  29   56959  138.879  256.781 -383.6418    0.006  0.000    0.170    0.124    0.0171  0.106  0.089
2014  10  30   56960  137.066  256.342 -384.6967    0.006  0.001    0.252    0.186    0.0171  0.106  0.089
2014  10  31   56961  135.050  255.916 -385.8678    0.006  0.001  999.000  999.000  999.0000 999.000 999.000
2014  11   1   56962  133.041  255.290 -387.2377    0.006  0.001  999.000  999.000  999.0000 999.000 999.000
 
	
 2 - DAILY FINAL VALUES OF CELESTIAL POLE OFFSETS dPsi1980 & dEps1980
  dPsi1980   dEps1980 ....dPsi,dEps / IAU 1980 precession-nutation model      
 Description : ftp://hpiers.obspm.fr/iers/bul/bulb_new/bulletinb.pdf
 The Reference Systems are described in the 2006 IERS Annual Report.
 
       DATE     MJD    dPsi1980   dEps1980  sig dPsi  sig dEps   
    (0 h UTC)             mas        mas      mas       mas   

2014   9   2   56902   -93.367   -13.798     0.077     0.043
2014   9   3   56903   -93.705   -13.861     0.035     0.019
2014   9   4   56904   -93.784   -13.939     0.054     0.030
2014   9   5   56905   -93.725   -14.043     0.091     0.050
2014   9   6   56906   -93.745   -14.084     0.094     0.054
2014   9   7   56907   -93.965   -13.966     0.085     0.051
2014   9   8   56908   -94.201   -13.739     0.073     0.048
2014   9   9   56909   -94.302   -13.643     0.065     0.045
2014   9  10   56910   -94.379   -13.753     0.066     0.045
2014   9  11   56911   -94.535   -13.819     0.069     0.045
2014   9  12   56912   -95.020   -13.646     0.073     0.044
2014   9  13   56913   -95.473   -13.295     0.077     0.044
2014   9  14   56914   -95.556   -13.073     0.081     0.042
2014   9  15   56915   -95.130   -13.117     0.087     0.044
2014   9  16   56916   -94.506   -13.313     0.091     0.043
2014   9  17   56917   -94.079   -13.525     0.149     0.086
2014   9  18   56918   -93.830   -13.641     0.222     0.142
2014   9  19   56919   -93.547   -13.669     0.295     0.198
2014   9  20   56920   -93.319   -13.625     0.269     0.180
2014   9  21   56921   -93.204   -13.502     0.206     0.135
2014   9  22   56922   -93.252   -13.329     0.135     0.087
2014   9  23   56923   -93.424   -13.167     0.068     0.039
2014   9  24   56924   -93.578   -13.088     0.078     0.035
2014   9  25   56925   -93.718   -13.086     0.100     0.035
2014   9  26   56926   -93.815   -13.101     0.123     0.036
2014   9  27   56927   -93.789   -13.094     0.146     0.036
2014   9  28   56928   -93.627   -13.075     0.168     0.037
2014   9  29   56929   -93.162   -13.115     0.029     0.015
2014   9  30   56930   -93.069   -13.142     0.022     0.011
2014  10   1   56931   -93.181   -13.209     0.030     0.016

 
 3 - EARTH ANGULAR VELOCITY : DAILY FINAL VALUES OF LOD, OMEGA AT 0hUTC
 
 LOD     : Excess of the Length of day - 86400 s TAI 
 OMEGA   : Earth angular velocity  
 Description: ftp://hpiers.obspm.fr/iers/bul/bulb_new/bulletinb.pdf
 
    DATE        MJD     LOD     sigma      OMEGA           sigma        
 (0 h UTC)              ms       ms        mas/ms          mas/ms

2014   9   2   56902  0.5220  0.0101  15.04106708780    0.00000000176 
2014   9   3   56903  0.5160  0.0098  15.04106708884    0.00000000171 
2014   9   4   56904  0.5560  0.0108  15.04106708188    0.00000000188 
2014   9   5   56905  0.6680  0.0111  15.04106706238    0.00000000193 
2014   9   6   56906  0.8406  0.0107  15.04106703233    0.00000000186 
2014   9   7   56907  1.0189  0.0107  15.04106700129    0.00000000186 
2014   9   8   56908  1.1916  0.0105  15.04106697123    0.00000000183 
2014   9   9   56909  1.3135  0.0110  15.04106695001    0.00000000191 
2014   9  10   56910  1.2470  0.0113  15.04106696158    0.00000000197 
2014   9  11   56911  1.1095  0.0106  15.04106698552    0.00000000185 
2014   9  12   56912  0.9286  0.0110  15.04106701701    0.00000000191 
2014   9  13   56913  0.7454  0.0113  15.04106704891    0.00000000197 
2014   9  14   56914  0.6390  0.0111  15.04106706743    0.00000000193 
2014   9  15   56915  0.5878  0.0100  15.04106707634    0.00000000174 
2014   9  16   56916  0.5895  0.0104  15.04106707605    0.00000000181 
2014   9  17   56917  0.6144  0.0104  15.04106707171    0.00000000181 
2014   9  18   56918  0.6713  0.0098  15.04106706181    0.00000000171 
2014   9  19   56919  0.7017  0.0096  15.04106705651    0.00000000167 
2014   9  20   56920  0.7115  0.0097  15.04106705481    0.00000000169 
2014   9  21   56921  0.7730  0.0126  15.04106704410    0.00000000219 
2014   9  22   56922  0.8664  0.0109  15.04106702784    0.00000000190 
2014   9  23   56923  0.9065  0.0105  15.04106702086    0.00000000183 
2014   9  24   56924  0.9076  0.0104  15.04106702067    0.00000000181 
2014   9  25   56925  0.9157  0.0107  15.04106701926    0.00000000186 
2014   9  26   56926  0.8377  0.0108  15.04106703284    0.00000000188 
2014   9  27   56927  0.7754  0.0105  15.04106704368    0.00000000183 
2014   9  28   56928  0.7088  0.0102  15.04106705528    0.00000000178 
2014   9  29   56929  0.6809  0.0108  15.04106706013    0.00000000188 
2014   9  30   56930  0.6986  0.0109  15.04106705705    0.00000000190 
2014  10   1   56931  0.7273  0.0111  15.04106705206    0.00000000193 


 4 - INFORMATION ON TIME SCALES 
     
     TAI - UTC = 35 s.         during period [56902-56931]

     No leap second introduced during period [56902-56931]

     All information concerning time scales : 
	 - leap seconds announcements : Bulletin C 
	 - DUT1 announcements (UT1-UTC with 0.1 s accuracy) : Bulletin D
      can be found at : 
         - web site : http://hpiers.obspm.fr/eop-pc/
         - anonymous ftp : hpiers.obspm.fr/iers/ or 145.238.100.28


 5 - SUMMARY OF CONTRIBUTED EARTH ORIENTATION PARAMETERS SERIES
 This section gives the average precision of the individual series, some of them
 contributing to the combination (*) and their average agreement with it. 
 The period covered is that one of Bulletin B. 
 
    Units :  micro-arc-seconds for x/y/dX/dY        micro-seconds for UT1/LOD
-----------------------------------------------------------------------------
  EOP series             first line  : Mean  formal  uncertainty
  Periods covered        second line : Weighted RMS agreement with Bulletin B
-----------------------------------------------------------------------------
                                x     y    UT1   LOD   dX    dY   Data Number		

 VLBI Standards

 AUS       
 aus00007.eops                152   130     8     -   111   120       8
 56903.21 to 56930.21         666   445    32     -   112   146

 BKG       
 bkg00014.eops                103    96     5     -    60    61       9
 56903.21 to 56930.21         170    85     9     -    90    81

 GSFC      
 gsf2014a.eops                 68    60     3     8    44    48       9
 56903.21 to 56930.21         125   109     6    16    15    44

 IAA       
 iaa2007a.eops                 72    64     3     -    48    49       9
 56903.21 to 56930.21         243   279    15     -    66    96

 USNO      
 usn2014.eops                  86    76     4     -    69    72       8
 56903.21 to 56930.21         201   145     7     -    89    60

 IVS      *
 ivs07r1e.eops                 21    16     1     -     7    24       8
 56903.21 to 56930.21          95    74     2     -    12     8


 VLBI Intensive

 BKG      *
 bkgint14.eopi                  -     -    13     -     -     -      31
 56902.79 to 56930.79           -     -    19     -     -     -

 GSFC     *
 gsf2014a.eopi                  -     -    17     -     -     -      31
 56902.79 to 56930.79           -     -    22     -     -     -

 IAA      *
 iaa2005a.eopi                  -     -    18     -     -     -      21
 56902.79 to 56930.79           -     -    20     -     -     -

 PUL       
 pul2010a.eopi                  -     -    17     -     -     -      23
 56902.79 to 56930.79           -     -    24     -     -     -

 USNO     *
 usn2014.eopi                   -     -    17     -     -     -      31
 56902.79 to 56930.79           -     -    20     -     -     -


 GPS

 CODE      
 cod*.erp                       6     6     -     0     -     -      29
 56902.50 to 56930.50          23    16     -     6     -     -

 JPL       
 jpl*.erp                      10    12     -     6     -     -      29
 56902.50 to 56930.50          31    24     -    13     -     -

 GFZ       
 gfz*.erp                       6     6     -     1     -     -      29
 56902.50 to 56930.50          40    31     -     9     -     -

 ESOC      
 esa*.erp                       9     9     -     4     -     -      29
 56902.50 to 56930.50          30    20     -     8     -     -

 NOAA      
 ngs*.erp                       3     3     -     0     -     -      29
 56902.50 to 56930.50          53    81     -    10     -     -

 SIO       
 sio*.erp siu*.erp             23    22     -     7     -     -      29
 56902.50 to 56930.50          27    24     -     8     -     -

 EMR       
 emr*.erp                      29    29     -     8     -     -      29
 56902.50 to 56930.50          32    38     -    22     -     -

 IAA       
 gps_iaa_*.eop                  4     5     -     0     -     -      29
 56902.50 to 56930.50          73    50     -    14     -     -

 MIT       
 mit*.erp                      12    11     -     1     -     -      29
 56902.50 to 56930.50          34    25     -     6     -     -

 IGR      *
 igs96p02.erp                  20    21     -     4     -     -      29
 56902.50 to 56930.50          28    18     -     7     -     -

 IGS      *
 igs00p03.erp                   6     7     -     0     -     -      29
 56902.50 to 56930.50          26    16     -     5     -     -


 SLR

 MCC       
 tg*.02                       129   149     -    20     -     -      26
 56902.00 to 56931.00         110   132     -   210     -     -

 IAA       
 slr_iaa_*.eop                 45    49     -     2     -     -      30
 56902.00 to 56931.00         176   169     -    17     -     -

 CGS       
 asi*.eop                      53    62     -    12     -     -      29
 56902.50 to 56930.50          99   168     -    44     -     -

 ILRS     *
 ilrsa.eop                     33    40     -     7     -     -      29
 56902.50 to 56930.50          87   142     -    44     -     -


 BULLETIN A

 NEOS      
 mark3.out                     36    26     4     -     -     -      30
 56902.00 to 56931.00          48    39    11     -     -     -

To unsubscribe : http://hpiers.obspm.fr/eop-pc/products/bulletins/bulletin_registration.html