                                                                BULLETIN B 318
                                        			1 August 2014   
    
 Contents are described in ftp://hpiers.obspm.fr/iers/bul/bulb_new/bulletinb.pdf 
	
 1 - DAILY FINAL VALUES OF x, y, UT1-UTC, dX, dY
 Angular unit is milliarcsecond (mas), time unit is millisecond (ms). 
 Upgraded solution from February 1 2011 - consistent with ITRF 2008.
 
       DATE     MJD       x       y      UT1-UTC      dX     dY     x err    y err   UT1 err  X err  Y err
    (0 h UTC)            mas     mas       ms         mas    mas     mas      mas      ms     mas     mas

 Final values 

 Mean formal error      0.050    0.052    0.0087    0.074  0.069 
 
2014   6   2   56810  130.672  441.904 -283.0498    0.005  0.001    0.046    0.046    0.0105  0.097  0.087
2014   6   3   56811  131.670  440.946 -283.4950    0.005  0.001    0.048    0.055    0.0101  0.097  0.087
2014   6   4   56812  133.002  439.682 -283.9822    0.005  0.001    0.049    0.052    0.0102  0.083  0.071
2014   6   5   56813  134.479  438.899 -284.5849    0.005  0.001    0.056    0.052    0.0097  0.097  0.085
2014   6   6   56814  136.334  437.847 -285.2332    0.005  0.001    0.055    0.055    0.0087  0.097  0.085
2014   6   7   56815  138.475  437.411 -285.9436    0.005  0.001    0.055    0.057    0.0082  0.097  0.085
2014   6   8   56816  140.267  436.583 -286.6815    0.005  0.001    0.060    0.061    0.0094  0.097  0.085
2014   6   9   56817  142.193  435.883 -287.4153    0.005  0.001    0.054    0.053    0.0122  0.096  0.084
2014   6  10   56818  143.900  435.273 -288.0883    0.005  0.001    0.045    0.045    0.0106  0.096  0.084
2014   6  11   56819  145.742  434.729 -288.7605    0.180 -0.179    0.045    0.045    0.0063  0.038  0.042
2014   6  12   56820  147.475  434.263 -289.3970    0.005  0.001    0.048    0.046    0.0064  0.082  0.085
2014   6  13   56821  149.117  433.486 -290.0595    0.006  0.001    0.049    0.045    0.0056  0.094  0.097
2014   6  14   56822  150.723  432.699 -290.6988    0.006  0.001    0.054    0.050    0.0100  0.094  0.097
2014   6  15   56823  152.515  431.573 -291.4264    0.005  0.001    0.064    0.070    0.0104  0.094  0.097
2014   6  16   56824  154.208  430.685 -292.2607    0.006  0.001    0.046    0.056    0.0085  0.097  0.085
2014   6  17   56825  155.920  430.008 -293.2405    0.006  0.001    0.049    0.058    0.0067  0.097  0.085
2014   6  18   56826  157.288  429.487 -294.3619    0.095 -0.091    0.057    0.057    0.0068  0.045  0.019
2014   6  19   56827  158.508  428.886 -295.5058    0.006  0.002    0.058    0.056    0.0079  0.086  0.070
2014   6  20   56828  159.865  428.145 -296.6766    0.006  0.002    0.052    0.057    0.0153  0.097  0.083
2014   6  21   56829  160.944  427.272 -297.7464    0.006  0.001    0.051    0.062    0.0075  0.097  0.083
2014   6  22   56830  161.869  426.250 -298.6589    0.006  0.002    0.053    0.061    0.0098  0.097  0.083
2014   6  23   56831  163.248  425.126 -299.4144    0.006  0.001    0.047    0.046    0.0083  0.097  0.084
2014   6  24   56832  164.735  423.900 -299.9730    0.006  0.001    0.046    0.049    0.0068  0.097  0.084
2014   6  25   56833  166.018  422.594 -300.3881    0.139 -0.190    0.047    0.055    0.0054  0.025  0.033
2014   6  26   56834  166.820  421.456 -300.7136    0.142 -0.200    0.046    0.052    0.0075  0.025  0.033
2014   6  27   56835  167.441  420.226 -300.8724    0.145 -0.210    0.045    0.054    0.0071  0.025  0.033
2014   6  28   56836  168.132  419.090 -301.0209    0.148 -0.220    0.045    0.054    0.0071  0.024  0.032
2014   6  29   56837  168.884  417.834 -301.2590    0.152 -0.229    0.046    0.049    0.0122  0.024  0.032
2014   6  30   56838  169.659  416.477 -301.5202    0.235 -0.362    0.046    0.039    0.0099  0.023  0.031
2014   7   1   56839  170.584  414.989 -301.8256    0.221 -0.347    0.047    0.037    0.0065  0.023  0.030

 Preliminary extension 
2014   7   2   56840  171.897  413.791 -302.2262    0.203 -0.318    0.050    0.048    0.0091  0.023  0.032
2014   7   3   56841  173.223  412.770 -302.6986    0.171 -0.272    0.049    0.055    0.0049  0.022  0.031
2014   7   4   56842  174.571  411.718 -303.2319    0.145 -0.247    0.048    0.055    0.0097  0.022  0.031
2014   7   5   56843  175.531  410.939 -303.7737    0.124 -0.234    0.047    0.055    0.0136  0.022  0.030
2014   7   6   56844  176.357  409.851 -304.2749    0.108 -0.226    0.048    0.054    0.0143  0.022  0.029
2014   7   7   56845  176.996  408.771 -304.7027    0.097 -0.229    0.049    0.059    0.0129  0.022  0.028
2014   7   8   56846  177.608  407.703 -305.0524    0.093 -0.242    0.049    0.056    0.0035  0.022  0.027
2014   7   9   56847  178.388  406.781 -305.3511    0.117 -0.226    0.049    0.055    0.0086  0.025  0.031
2014   7  10   56848  179.063  405.874 -305.6390    0.151 -0.209    0.050    0.051    0.0083  0.030  0.037
2014   7  11   56849  180.050  404.783 -305.9672    0.189 -0.197    0.050    0.050    0.0031  0.035  0.042
2014   7  12   56850  181.125  403.703 -306.3801    0.195 -0.192    0.050    0.051    0.0085  0.036  0.044
2014   7  13   56851  182.007  402.755 -306.9323    0.191 -0.188    0.050    0.046    0.0107  0.035  0.043
2014   7  14   56852  182.724  401.709 -307.6501    0.187 -0.185    0.050    0.042    0.0111  0.034  0.043
2014   7  15   56853  183.170  400.687 -308.5067    0.182 -0.181    0.051    0.043    0.0102  0.033  0.042
2014   7  16   56854  183.590  399.239 -309.4366    0.176 -0.175    0.050    0.051    0.0113  0.033  0.042
2014   7  17   56855  184.151  397.874 -310.3505    0.169 -0.169    0.104    0.055    0.0133  0.032  0.042
2014   7  18   56856  184.784  396.237 -311.1625    0.162 -0.161    0.171    0.058    0.0048  0.031  0.041
2014   7  19   56857  185.493  394.582 -311.8694    0.006  0.001    0.117    0.059    0.0064  0.085  0.075
2014   7  20   56858  186.456  393.176 -312.4275    0.006  0.002    0.103    0.094    0.0123  0.104  0.088
2014   7  21   56859  187.756  391.911 -312.7903    0.006  0.002    0.117    0.128    0.0107  0.104  0.088
2014   7  22   56860  188.740  391.024 -313.0110    0.006  0.001    0.108    0.128    0.0070  0.104  0.088
2014   7  23   56861  189.309  390.062 -313.1153    0.006  0.002    0.128    0.113    0.0067  0.104  0.088
2014   7  24   56862  189.657  389.229 -313.1260    0.006  0.001    0.137    0.102    0.0073  0.104  0.088
2014   7  25   56863  189.979  388.175 -313.1490    0.006  0.001    0.173    0.128    0.0064  0.104  0.088
2014   7  26   56864  190.383  387.034 -313.1819    0.006  0.001    0.130    0.177    0.0068  0.104  0.088
2014   7  27   56865  190.984  385.982 -313.2670    0.006  0.002    0.126    0.221    0.0086  0.104  0.088
2014   7  28   56866  191.977  384.963 -313.3930    0.006  0.002    0.155    0.165    0.0076  0.104  0.088
2014   7  29   56867  193.135  384.021 -313.6423    0.006  0.001    0.173    0.139    0.0080  0.104  0.088
2014   7  30   56868  194.130  382.893 -314.0001    0.006  0.001    0.138    0.143    0.0102  0.104  0.088
2014   7  31   56869  194.707  381.897 -314.3993    0.006  0.002    0.442    0.127    0.0259  0.104  0.088
2014   8   1   56870  195.012  380.684 -314.8567    0.006  0.002  999.000  999.000  999.0000 999.000 999.000
 
	
 2 - DAILY FINAL VALUES OF CELESTIAL POLE OFFSETS dPsi1980 & dEps1980
  dPsi1980   dEps1980 ....dPsi,dEps / IAU 1980 precession-nutation model      
 Description : ftp://hpiers.obspm.fr/iers/bul/bulb_new/bulletinb.pdf
 The Reference Systems are described in the 2006 IERS Annual Report.
 
       DATE     MJD    dPsi1980   dEps1980  sig dPsi  sig dEps   
    (0 h UTC)             mas        mas      mas       mas   

2014   6   2   56810   -81.377   -13.867     0.244     0.087
2014   6   3   56811   -81.476   -13.998     0.244     0.087
2014   6   4   56812   -81.575   -14.065     0.209     0.071
2014   6   5   56813   -81.581   -14.042     0.245     0.085
2014   6   6   56814   -81.539   -13.988     0.245     0.085
2014   6   7   56815   -81.672   -13.970     0.245     0.085
2014   6   8   56816   -82.139   -13.959     0.245     0.085
2014   6   9   56817   -82.788   -13.850     0.242     0.084
2014   6  10   56818   -83.273   -13.616     0.242     0.084
2014   6  11   56819   -82.970   -13.593     0.095     0.042
2014   6  12   56820   -83.304   -13.446     0.207     0.085
2014   6  13   56821   -83.156   -13.713     0.237     0.097
2014   6  14   56822   -83.076   -13.947     0.237     0.097
2014   6  15   56823   -83.122   -13.890     0.237     0.097
2014   6  16   56824   -83.353   -13.565     0.244     0.085
2014   6  17   56825   -83.767   -13.230     0.244     0.085
2014   6  18   56826   -83.999   -13.184     0.112     0.019
2014   6  19   56827   -84.517   -13.155     0.216     0.070
2014   6  20   56828   -84.532   -13.303     0.244     0.083
2014   6  21   56829   -84.371   -13.440     0.244     0.083
2014   6  22   56830   -84.297   -13.523     0.244     0.083
2014   6  23   56831   -84.507   -13.549     0.245     0.084
2014   6  24   56832   -84.936   -13.544     0.245     0.084
2014   6  25   56833   -84.997   -13.745     0.064     0.033
2014   6  26   56834   -85.173   -13.806     0.063     0.033
2014   6  27   56835   -85.136   -13.877     0.062     0.033
2014   6  28   56836   -84.993   -13.896     0.061     0.032
2014   6  29   56837   -84.867   -13.849     0.060     0.032
2014   6  30   56838   -84.678   -13.925     0.059     0.031
2014   7   1   56839   -84.919   -13.918     0.058     0.030

 
 3 - EARTH ANGULAR VELOCITY : DAILY FINAL VALUES OF LOD, OMEGA AT 0hUTC
 
 LOD     : Excess of the Length of day - 86400 s TAI 
 OMEGA   : Earth angular velocity  
 Description: ftp://hpiers.obspm.fr/iers/bul/bulb_new/bulletinb.pdf
 
    DATE        MJD     LOD     sigma      OMEGA           sigma        
 (0 h UTC)              ms       ms        mas/ms          mas/ms

2014   6   2   56810  0.4223  0.0098  15.04106710515    0.00000000171 
2014   6   3   56811  0.4593  0.0098  15.04106709871    0.00000000171 
2014   6   4   56812  0.5677  0.0097  15.04106707984    0.00000000169 
2014   6   5   56813  0.6133  0.0097  15.04106707190    0.00000000169 
2014   6   6   56814  0.6729  0.0096  15.04106706153    0.00000000167 
2014   6   7   56815  0.7130  0.0100  15.04106705455    0.00000000174 
2014   6   8   56816  0.7447  0.0102  15.04106704903    0.00000000178 
2014   6   9   56817  0.7165  0.0096  15.04106705394    0.00000000167 
2014   6  10   56818  0.6780  0.0096  15.04106706064    0.00000000167 
2014   6  11   56819  0.6599  0.0095  15.04106706379    0.00000000165 
2014   6  12   56820  0.6322  0.0095  15.04106706861    0.00000000165 
2014   6  13   56821  0.6226  0.0099  15.04106707028    0.00000000172 
2014   6  14   56822  0.6710  0.0099  15.04106706186    0.00000000172 
2014   6  15   56823  0.7739  0.0153  15.04106704394    0.00000000266 
2014   6  16   56824  0.8929  0.0101  15.04106702323    0.00000000176 
2014   6  17   56825  1.0466  0.0099  15.04106699647    0.00000000172 
2014   6  18   56826  1.1381  0.0100  15.04106698054    0.00000000174 
2014   6  19   56827  1.1686  0.0100  15.04106697523    0.00000000174 
2014   6  20   56828  1.1275  0.0099  15.04106698239    0.00000000172 
2014   6  21   56829  0.9917  0.0096  15.04106700603    0.00000000167 
2014   6  22   56830  0.8190  0.0095  15.04106703609    0.00000000165 
2014   6  23   56831  0.6490  0.0089  15.04106706569    0.00000000155 
2014   6  24   56832  0.4955  0.0082  15.04106709241    0.00000000143 
2014   6  25   56833  0.3608  0.0085  15.04106711586    0.00000000148 
2014   6  26   56834  0.2264  0.0092  15.04106713926    0.00000000160 
2014   6  27   56835  0.1335  0.0096  15.04106715543    0.00000000167 
2014   6  28   56836  0.1572  0.0096  15.04106715130    0.00000000167 
2014   6  29   56837  0.2378  0.0096  15.04106713727    0.00000000167 
2014   6  30   56838  0.3181  0.0097  15.04106712329    0.00000000169 
2014   7   1   56839  0.3530  0.0097  15.04106711722    0.00000000169 


 4 - INFORMATION ON TIME SCALES 
     
     TAI - UTC = 35 s.         during period [56810-56839]

     No leap second introduced during period [56810-56839]

     All information concerning time scales : 
	 - leap seconds announcements : Bulletin C 
	 - DUT1 announcements (UT1-UTC with 0.1 s accuracy) : Bulletin D
      can be found at : 
         - web site : http://hpiers.obspm.fr/eop-pc/
         - anonymous ftp : hpiers.obspm.fr/iers/ or 145.238.100.28


 5 - SUMMARY OF CONTRIBUTED EARTH ORIENTATION PARAMETERS SERIES
 This section gives the average precision of the individual series, some of them
 contributing to the combination (*) and their average agreement with it. 
 The period covered is that one of Bulletin B. 
 
    Units :  micro-arc-seconds for x/y/dX/dY        micro-seconds for UT1/LOD
-----------------------------------------------------------------------------
  EOP series             first line  : Mean  formal  uncertainty
  Periods covered        second line : Weighted RMS agreement with Bulletin B
-----------------------------------------------------------------------------
                                x     y    UT1   LOD   dX    dY   Data Number		

 VLBI Standards

 AUS       
 aus00007.eops                 54    52     3     -    50    48       5
 56811.21 to 56826.21         534   250    23     -   122   175

 BKG       
 bkg00013.eops                 53    60     2     -    30    29       5
 56811.21 to 56826.21          81    44    10     -    39    76

 GSFC      
 gsf2014a.eops                 45    47     2     5    25    26       6
 56811.21 to 56834.25          51    45     8     8    41    73

 IAA       
 iaa2007a.eops                 36    40     2     -    29    27       7
 56811.21 to 56834.25         141    61    20     -    37    98

 USNO      
 usn2014.eops                  98   107     5     -    95    91       7
 56811.21 to 56834.25          59    55     8     -    72   121

 MAO       
 mao2003o.eops                  0     0     0     -     0     0       0
 00000.00 to 00000.00           0     0     0     -     0     0

 IVS      *
 ivs07r1e.eops                 16    16     1     -     5    15       5
 56811.21 to 56826.21          61    54    13     -    58   100


 VLBI Intensive

 BKG      *
 bkgint09.eopi                  -     -     9     -     -     -      31
 56810.31 to 56838.79           -     -    17     -     -     -

 GSFC     *
 gsf2014a.eopi                  -     -    14     -     -     -      31
 56810.31 to 56838.79           -     -    16     -     -     -

 IAA      *
 iaa2005a.eopi                  -     -    13     -     -     -      17
 56810.79 to 56838.79           -     -     9     -     -     -

 PUL       
 pul2010a.eopi                  -     -    11     -     -     -      29
 56810.31 to 56838.79           -     -    19     -     -     -

 USNO     *
 usn2014.eopi                   -     -    14     -     -     -      31
 56810.31 to 56838.79           -     -    18     -     -     -


 GPS

 CODE      
 cod*.erp                       5     6     -     0     -     -      29
 56810.50 to 56838.50          17    15     -     5     -     -

 JPL       
 jpl*.erp                       9    10     -     4     -     -      29
 56810.50 to 56838.50          35    36     -    10     -     -

 GFZ       
 gfz*.erp                       5     6     -     1     -     -      29
 56810.50 to 56838.50          20    21     -     7     -     -

 ESOC      
 esa*.erp                       8     9     -     2     -     -      29
 56810.50 to 56838.50          20    22     -     4     -     -

 NOAA      
 ngs*.erp                       2     2     -     0     -     -      29
 56810.50 to 56838.50          61    54     -     7     -     -

 SIO       
 sio*.erp siu*.erp             28    26     -     7     -     -      29
 56810.50 to 56838.50          24    24     -    11     -     -

 EMR       
 emr*.erp                      29    29     -     7     -     -      29
 56810.50 to 56838.50          26    25     -    11     -     -

 IAA       
 gps_iaa_*.eop                  4     5     -     0     -     -      29
 56810.50 to 56838.50          42    48     -    17     -     -

 ASI       
 cgs*.erp                       0     0     -     0     -     -       0
 00000.00 to 00000.00           0     0     -     0     -     -

 MIT       
 mit*.erp                      12    11     -     1     -     -      29
 56810.50 to 56838.50          21    26     -     5     -     -

 IGR      *
 igs96p02.erp                  13    14     -     3     -     -      29
 56810.50 to 56838.50          21    22     -     5     -     -

 IGS      *
 igs00p03.erp                   6     7     -     0     -     -      29
 56810.50 to 56838.50          16    19     -     4     -     -


 SLR

 MCC       
 tg*.02                       131   125     -    22     -     -      26
 56810.00 to 56839.00          81   123     -   177     -     -

 IAA       
 slr_iaa_*.eop                 41    41     -     2     -     -      30
 56810.00 to 56839.00         171   165     -    16     -     -

 CGS       
 asi*.eop                      57    55     -    11     -     -      29
 56810.50 to 56838.50         193   136     -    40     -     -

 ILRS     *
 ilrsa.eop                     39    39     -     6     -     -      29
 56810.50 to 56838.50         135    77     -    15     -     -


 BULLETIN A

 NEOS      
 mark3.out                     28    19     6     -     -     -      30
 56810.00 to 56839.00          24    37    11     -     -     -

To unsubscribe : http://hpiers.obspm.fr/eop-pc/products/bulletins/bulletin_registration.html