                                                                BULLETIN B 309
                                        			2 Novembre 2013   
    
 Contents are described in ftp://hpiers.obspm.fr/iers/bul/bulb_new/bulletinb.pdf 
	
 1 - DAILY FINAL VALUES OF x, y, UT1-UTC, dX, dY
 Angular unit is milliarcsecond (mas), time unit is millisecond (ms). 
 Upgraded solution from February 1 2011 - consistent with ITRF 2008.
 
       DATE     MJD       x       y      UT1-UTC      dX     dY     x err    y err   UT1 err  X err  Y err
    (0 h UTC)            mas     mas       ms         mas    mas     mas      mas      ms     mas     mas

 Final values 

 Mean formal error      0.034    0.038    0.0081    0.055  0.077 
 
2013   9   2   56537  165.573  322.684   37.8617   -0.142 -0.047    0.035    0.036    0.0102  0.043  0.053
2013   9   3   56538  165.314  321.419   37.3927   -0.149 -0.031    0.039    0.036    0.0127  0.053  0.066
2013   9   4   56539  164.827  320.456   36.7879   -0.156 -0.014    0.034    0.034    0.0049  0.062  0.077
2013   9   5   56540  164.368  319.491   36.0450   -0.259 -0.088    0.034    0.034    0.0114  0.058  0.072
2013   9   6   56541  164.310  318.349   35.1748   -0.380 -0.180    0.038    0.034    0.0046  0.051  0.064
2013   9   7   56542  163.910  317.351   34.2240   -0.400 -0.187    0.034    0.034    0.0118  0.061  0.083
2013   9   8   56543  163.508  316.383   33.2626   -0.371 -0.155    0.034    0.031    0.0085  0.077  0.112
2013   9   9   56544  162.948  315.306   32.3533   -0.327 -0.098    0.033    0.031    0.0085  0.094  0.145
2013   9  10   56545  162.052  314.146   31.5245   -0.269 -0.045    0.033    0.035    0.0075  0.110  0.176
2013   9  11   56546  161.094  312.773   30.7834   -0.268  0.120    0.031    0.029    0.0096  0.092  0.145
2013   9  12   56547  159.937  311.450   30.1155   -0.286  0.308    0.027    0.026    0.0070  0.066  0.100
2013   9  13   56548  158.737  309.930   29.4762   -0.305  0.479    0.027    0.026    0.0030  0.039  0.055
2013   9  14   56549  157.790  308.431   28.8025   -0.342  0.490    0.031    0.029    0.0144  0.044  0.057
2013   9  15   56550  157.350  306.944   28.0242   -0.383  0.421    0.031    0.029    0.0071  0.060  0.077
2013   9  16   56551  157.106  305.976   27.0896   -0.419  0.334    0.030    0.030    0.0068  0.071  0.091
2013   9  17   56552  156.504  305.514   25.9668   -0.437  0.221    0.030    0.034    0.0079  0.085  0.109
2013   9  18   56553  155.377  305.349   24.6770   -0.434  0.094    0.029    0.032    0.0056  0.099  0.127
2013   9  19   56554  153.947  304.766   23.2973   -0.357  0.099    0.043    0.045    0.0129  0.074  0.097
2013   9  20   56555  152.824  303.963   21.9443   -0.246  0.155    0.043    0.045    0.0038  0.037  0.054
2013   9  21   56556  151.406  303.196   20.7179   -0.223  0.123    0.048    0.045    0.0082  0.028  0.043
2013   9  22   56557  149.281  302.354   19.6438   -0.233  0.067    0.054    0.050    0.0083  0.031  0.045
2013   9  23   56558  146.735  301.442   18.6897   -0.242  0.020    0.033    0.048    0.0096  0.033  0.047
2013   9  24   56559  144.871  300.344   17.8077   -0.255 -0.012    0.033    0.047    0.0100  0.035  0.048
2013   9  25   56560  143.566  299.610   16.9717   -0.269 -0.032    0.033    0.045    0.0028  0.035  0.044
2013   9  26   56561  142.079  298.821   16.1801   -0.214  0.000    0.033    0.045    0.0090  0.030  0.037
2013   9  27   56562  140.889  297.939   15.4371   -0.141  0.048    0.033    0.046    0.0036  0.023  0.027
2013   9  28   56563  139.500  297.257   14.7280   -0.128  0.090    0.033    0.046    0.0080  0.028  0.036
2013   9  29   56564  137.657  296.237   14.0048   -0.136  0.126    0.033    0.046    0.0106  0.037  0.051
2013   9  30   56565  135.490  295.144   13.1976   -0.134  0.152    0.036    0.048    0.0104  0.050  0.080
2013  10   1   56566  133.064  294.137   12.2633   -0.149  0.174    0.036    0.048    0.0043  0.059  0.099

 Preliminary extension 
2013  10   2   56567  131.082  292.889   11.2038   -0.154  0.132    0.035    0.048    0.0049  0.058  0.093
2013  10   3   56568  129.546  292.015   10.0389   -0.159  0.071    0.035    0.043    0.0070  0.053  0.080
2013  10   4   56569  128.542  291.032    8.8032   -0.167  0.009    0.035    0.043    0.0040  0.048  0.067
2013  10   5   56570  127.903  290.154    7.5119   -0.179  0.008    0.035    0.048    0.0064  0.054  0.072
2013  10   6   56571  126.726  289.547    6.2221   -0.191  0.032    0.032    0.043    0.0055  0.064  0.083
2013  10   7   56572  124.824  289.094    4.9649   -0.198  0.060    0.028    0.039    0.0103  0.073  0.095
2013  10   8   56573  123.185  288.137    3.7538   -0.197  0.089    0.028    0.039    0.0054  0.083  0.106
2013  10   9   56574  121.834  287.291    2.5853   -0.199  0.094    0.028    0.039    0.0111  0.078  0.099
2013  10  10   56575  120.510  286.728    1.4679   -0.192  0.090    0.028    0.039    0.0105  0.070  0.086
2013  10  11   56576  118.665  286.062    0.3774   -0.176  0.082    0.028    0.039    0.0039  0.061  0.074
2013  10  12   56577  116.815  285.270   -0.7629    0.005  0.002    0.028    0.039    0.0096  0.071  0.075
2013  10  13   56578  115.105  284.809   -1.9682    0.005  0.001    0.132    0.129    0.0075  0.076  0.077
2013  10  14   56579  113.863  284.538   -3.2665    0.005  0.001    0.240    0.190    0.0062  0.076  0.077
2013  10  15   56580  112.760  284.066   -4.6963    0.005  0.002    0.243    0.171    0.0072  0.076  0.077
2013  10  16   56581  111.700  283.793   -6.2241    0.005  0.002    0.239    0.160    0.0078  0.076  0.077
2013  10  17   56582  110.139  283.639   -7.7637    0.005  0.002    0.238    0.138    0.0066  0.076  0.077
2013  10  18   56583  108.302  283.387   -9.2510    0.005  0.002    0.243    0.174    0.0067  0.076  0.077
2013  10  19   56584  105.949  283.172  -10.6010    0.005  0.002    0.224    0.169    0.0059  0.076  0.077
2013  10  20   56585  103.763  282.686  -11.7693    0.005  0.002    0.242    0.140    0.0072  0.076  0.077
2013  10  21   56586  101.805  282.544  -12.7489    0.005  0.001    0.306    0.183    0.0060  0.076  0.077
2013  10  22   56587  100.011  282.350  -13.6099    0.005  0.001    0.520    0.188    0.0068  0.076  0.077
2013  10  23   56588   98.563  282.304  -14.4087    0.005  0.002    0.603    0.178    0.0088  0.076  0.077
2013  10  24   56589   96.939  282.519  -15.1528    0.005  0.001    0.437    0.183    0.0078  0.076  0.077
2013  10  25   56590   95.080  282.688  -16.0292    0.005  0.002    0.496    0.135    0.0059  0.076  0.077
2013  10  26   56591   93.511  282.552  -17.0169    0.005  0.002    0.636    0.119    0.0098  0.076  0.077
2013  10  27   56592   92.446  282.434  -18.0646    0.005  0.002    0.495    0.157    0.0085  0.076  0.077
2013  10  28   56593   91.871  282.950  -19.2573    0.005  0.001    0.501    0.167    0.0072  0.076  0.077
2013  10  29   56594   91.250  283.704  -20.5968    0.005  0.001    0.632    0.114    0.0047  0.076  0.077
2013  10  30   56595   90.450  284.073  -22.0394    0.005  0.002    1.045    0.069    0.0102  0.076  0.077
2013  10  31   56596   89.648  284.371  -23.4631    0.005  0.001    1.323    0.515    0.0871  0.076  0.077
2013  11   1   56597   88.601  284.435  -25.0259    0.005  0.002  999.000  999.000  999.0000 999.000 999.000
 
	
 2 - DAILY FINAL VALUES OF CELESTIAL POLE OFFSETS dPsi1980 & dEps1980
  dPsi1980   dEps1980 ....dPsi,dEps / IAU 1980 precession-nutation model      
 Description : ftp://hpiers.obspm.fr/iers/bul/bulb_new/bulletinb.pdf
 The Reference Systems are described in the 2006 IERS Annual Report.
 
       DATE     MJD    dPsi1980   dEps1980  sig dPsi  sig dEps   
    (0 h UTC)             mas        mas      mas       mas   

2013   9   2   56537   -88.214   -13.165     0.107     0.053
2013   9   3   56538   -88.177   -13.106     0.133     0.066
2013   9   4   56539   -88.164   -13.058     0.157     0.077
2013   9   5   56540   -88.415   -13.104     0.147     0.072
2013   9   6   56541   -88.826   -13.138     0.129     0.064
2013   9   7   56542   -89.123   -13.049     0.153     0.083
2013   9   8   56543   -89.309   -12.915     0.193     0.112
2013   9   9   56544   -89.279   -12.794     0.236     0.145
2013   9  10   56545   -89.000   -12.723     0.276     0.176
2013   9  11   56546   -88.794   -12.576     0.231     0.145
2013   9  12   56547   -88.724   -12.451     0.165     0.100
2013   9  13   56548   -88.777   -12.424     0.099     0.055
2013   9  14   56549   -88.933   -12.625     0.110     0.057
2013   9  15   56550   -89.101   -12.857     0.150     0.077
2013   9  16   56551   -89.268   -12.909     0.178     0.091
2013   9  17   56552   -89.394   -12.769     0.213     0.109
2013   9  18   56553   -89.410   -12.583     0.249     0.127
2013   9  19   56554   -89.139   -12.407     0.185     0.097
2013   9  20   56555   -88.753   -12.381     0.092     0.054
2013   9  21   56556   -88.696   -12.533     0.071     0.043
2013   9  22   56557   -88.877   -12.647     0.077     0.045
2013   9  23   56558   -89.101   -12.637     0.082     0.047
2013   9  24   56559   -89.223   -12.570     0.088     0.048
2013   9  25   56560   -89.154   -12.557     0.088     0.044
2013   9  26   56561   -88.738   -12.600     0.076     0.037
2013   9  27   56562   -88.189   -12.682     0.059     0.027
2013   9  28   56563   -87.807   -12.740     0.071     0.036
2013   9  29   56564   -87.596   -12.735     0.093     0.051
2013   9  30   56565   -87.515   -12.707     0.125     0.080
2013  10   1   56566   -87.591   -12.709     0.149     0.099

 
 3 - EARTH ANGULAR VELOCITY : DAILY FINAL VALUES OF LOD, OMEGA AT 0hUTC
 
 LOD     : Excess of the Length of day - 86400 s TAI 
 OMEGA   : Earth angular velocity  
 Description: ftp://hpiers.obspm.fr/iers/bul/bulb_new/bulletinb.pdf
 
    DATE        MJD     LOD     sigma      OMEGA           sigma        
 (0 h UTC)              ms       ms        mas/ms          mas/ms

2013   9   2   56537  0.4198  0.0109  15.04106710559    0.00000000190 
2013   9   3   56538  0.5024  0.0114  15.04106709121    0.00000000198 
2013   9   4   56539  0.6379  0.0106  15.04106706762    0.00000000185 
2013   9   5   56540  0.8060  0.0104  15.04106703836    0.00000000181 
2013   9   6   56541  0.9072  0.0104  15.04106702074    0.00000000181 
2013   9   7   56542  0.9627  0.0101  15.04106701108    0.00000000176 
2013   9   8   56543  0.9316  0.0098  15.04106701649    0.00000000171 
2013   9   9   56544  0.8653  0.0101  15.04106702803    0.00000000176 
2013   9  10   56545  0.7584  0.0101  15.04106704664    0.00000000176 
2013   9  11   56546  0.6948  0.0100  15.04106705772    0.00000000174 
2013   9  12   56547  0.6528  0.0100  15.04106706503    0.00000000174 
2013   9  13   56548  0.6294  0.0100  15.04106706910    0.00000000174 
2013   9  14   56549  0.7154  0.0103  15.04106705413    0.00000000179 
2013   9  15   56550  0.8645  0.0105  15.04106702817    0.00000000183 
2013   9  16   56551  1.0175  0.0099  15.04106700154    0.00000000172 
2013   9  17   56552  1.1926  0.0099  15.04106697105    0.00000000172 
2013   9  18   56553  1.3240  0.0102  15.04106694818    0.00000000178 
2013   9  19   56554  1.3738  0.0102  15.04106693951    0.00000000178 
2013   9  20   56555  1.2905  0.0102  15.04106695401    0.00000000178 
2013   9  21   56556  1.1330  0.0108  15.04106698143    0.00000000188 
2013   9  22   56557  1.0117  0.0111  15.04106700255    0.00000000193 
2013   9  23   56558  0.8985  0.0092  15.04106702225    0.00000000160 
2013   9  24   56559  0.8517  0.0092  15.04106703040    0.00000000160 
2013   9  25   56560  0.8146  0.0092  15.04106703686    0.00000000160 
2013   9  26   56561  0.7604  0.0089  15.04106704629    0.00000000155 
2013   9  27   56562  0.7188  0.0092  15.04106705354    0.00000000160 
2013   9  28   56563  0.7030  0.0095  15.04106705629    0.00000000165 
2013   9  29   56564  0.7466  0.0095  15.04106704870    0.00000000165 
2013   9  30   56565  0.8856  0.0103  15.04106702450    0.00000000179 
2013  10   1   56566  0.9920  0.0100  15.04106700598    0.00000000174 


 4 - INFORMATION ON TIME SCALES 
     
     TAI - UTC = 35 s.         during period [56537-56566]

     No leap second introduced during period [56537-56566]

     All information concerning time scales : 
	 - leap seconds announcements : Bulletin C 
	 - DUT1 announcements (UT1-UTC with 0.1 s accuracy) : Bulletin D
      can be found at : 
         - web site : http://hpiers.obspm.fr/eop-pc/
         - anonymous ftp : hpiers.obspm.fr/iers/ or 145.238.100.28


 5 - SUMMARY OF CONTRIBUTED EARTH ORIENTATION PARAMETERS SERIES
 This section gives the average precision of the individual series, some of them
 contributing to the combination (*) and their average agreement with it. 
 The period covered is that one of Bulletin B. 
 
    Units :  micro-arc-seconds for x/y/dX/dY        micro-seconds for UT1/LOD
-----------------------------------------------------------------------------
  EOP series             first line  : Mean  formal  uncertainty
  Periods covered        second line : Weighted RMS agreement with Bulletin B
-----------------------------------------------------------------------------
                                x     y    UT1   LOD   dX    dY   Data Number		

 VLBI Standards

 AUS       
 aus00007.eops                 96    79     3     -    76    81       8
 56539.21 to 56562.27         178   292    21     -   141   176

 BKG       
 bkg00013.eops                 92    90     3     -    66    59       9
 56539.21 to 56562.27         111   153     7     -    97   323

 GSFC      
 gsf2012a.eops                 91   104     3    11    58    60      10
 56538.19 to 56562.27          95   123     6    18    61   127

 IAA       
 iaa2007a.eops                 96    97     5     -    73    70       9
 56539.21 to 56562.27         165   192    10     -   114   176

 USNO      
 usn2012b.eops                 69    61     2     -    55    55       8
 56539.21 to 56562.27         166   399     9     -    62    84

 MAO       
 mao2003o.eops                  0     0     0     -     0     0       0
 00000.00 to 00000.00           0     0     0     -     0     0

 IVS      *
 ivs07r1e.eops                 34    26     2     -    12    35       8
 56539.21 to 56562.27          93    71     1     -    14    16


 VLBI Intensive

 BKG      *
 bkgint09.eopi                  -     -    15     -     -     -      27
 56537.31 to 56565.79           -     -    21     -     -     -

 GSFC     *
 gsf2012a.eopi                  -     -    22     -     -     -      27
 56537.31 to 56565.79           -     -    44     -     -     -

 IAA      *
 iaa2005a.eopi                  -     -    18     -     -     -      18
 56537.31 to 56562.80           -     -    14     -     -     -

 PUL       
 pul2010a.eopi                  -     -    17     -     -     -      26
 56537.31 to 56564.27           -     -    20     -     -     -

 USNO     *
 usn2012b.eopi                  -     -    17     -     -     -      27
 56537.31 to 56565.79           -     -    25     -     -     -


 GPS

 CODE      
 cod*.erp                       5     6     -     0     -     -      29
 56537.50 to 56565.50          23    21     -     7     -     -

 JPL       
 jpl*.erp                       9    11     -     6     -     -      29
 56537.50 to 56565.50          35    28     -    11     -     -

 GFZ       
 gfz*.erp                       5     5     -     1     -     -      29
 56537.50 to 56565.50          33    26     -    11     -     -

 ESOC      
 esa*.erp                      16    14     -     4     -     -      29
 56537.50 to 56565.50          51    37     -     8     -     -

 NOAA      
 ngs*.erp                       2     3     -     0     -     -      29
 56537.50 to 56565.50          62    54     -     7     -     -

 SIO       
 sio*.erp siu*.erp             10    10     -     3     -     -      29
 56537.50 to 56565.50          37    34     -     9     -     -

 EMR       
 emr*.erp                      29    29     -     8     -     -      29
 56537.50 to 56565.50          42    37     -    17     -     -

 IAA       
 gps_iaa_*.eop                 44    59     -     9     -     -      29
 56537.50 to 56565.50         139   234     -    38     -     -

 ASI       
 cgs*.erp                       0     0     -     0     -     -       0
 00000.00 to 00000.00           0     0     -     0     -     -

 MIT       
 mit*.erp                      12    12     -     2     -     -      29
 56537.50 to 56565.50          38    31     -     9     -     -

 IGR      *
 igs96p02.erp                  18    19     -     3     -     -      29
 56537.50 to 56565.50          28    24     -     9     -     -

 IGS      *
 igs00p03.erp                   4     4     -     1     -     -      29
 56537.50 to 56565.50          27    20     -     7     -     -


 SLR

 MCC       
 tg*.02                       147   159     -    26     -     -      26
 56537.00 to 56566.00         124   157     -   186     -     -

 IAA       
 slr_iaa_*.eop                 49    53     -     3     -     -      30
 56537.00 to 56566.00         192   214     -    26     -     -

 CGS       
 asi*.eop                      52    56     -    12     -     -      29
 56537.50 to 56565.50         139   153     -    41     -     -

 ILRS     *
 ilrsa.eop                     46    50     -     8     -     -      29
 56537.50 to 56565.50         140    88     -    33     -     -


 BULLETIN A

 NEOS      
 mark3.out                     27    27     4     -     -     -      30
 56537.00 to 56566.00          24    20     8     -     -     -

To unsubscribe : http://hpiers.obspm.fr/eop-pc/products/bulletins/bulletin_registration.html