                                                                BULLETIN B 428
                                        			4 October 2023   
    
 Contents are described in https://hpiers.obspm.fr/iers/bul/bulb_new/bulletinb.pdf 
	
 1 - DAILY FINAL VALUES OF x, y, UT1-UTC, dX, dY
 Angular unit is milliarcsecond (mas), time unit is millisecond (ms). 
 Upgraded solution from March 1 2017 - consistent with ITRF 2014.
 
       DATE     MJD       x       y      UT1-UTC      dX     dY     x err    y err   UT1 err  dX err  dY err
    (0 h UTC)            mas     mas       ms         mas    mas     mas      mas      ms     mas     mas

 Final values 

 Mean formal error      0.059    0.057    0.0235    0.138  0.086 
 
2023   8   2   60158  261.538  471.686  -14.1968    0.409 -0.273    0.061    0.052    0.0164  0.044  0.039
2023   8   3   60159  263.444  470.105  -13.8930    0.416 -0.229    0.063    0.053    0.0194  0.047  0.041
2023   8   4   60160  265.536  468.247  -13.8656    0.411 -0.179    0.065    0.053    0.0227  0.049  0.043
2023   8   5   60161  267.930  466.413  -14.0118    0.365 -0.153    0.064    0.053    0.0267  0.049  0.042
2023   8   6   60162  270.493  464.868  -14.1542    0.298 -0.142    0.060    0.054    0.0209  0.048  0.040
2023   8   7   60163  272.864  463.581  -14.1484    0.235 -0.139    0.057    0.057    0.0189  0.046  0.038
2023   8   8   60164  274.685  462.231  -13.9140    0.190 -0.141    0.056    0.057    0.0164  0.045  0.036
2023   8   9   60165  276.337  460.613  -13.4271    0.215 -0.150    0.054    0.056    0.0150  0.048  0.038
2023   8  10   60166  277.790  458.807  -12.7031    0.272 -0.158    0.053    0.055    0.0141  0.052  0.041
2023   8  11   60167  278.994  456.494  -11.7351    0.336 -0.156    0.055    0.056    0.0137  0.056  0.044
2023   8  12   60168  279.970  454.733  -10.6076    0.374 -0.105    0.054    0.057    0.0138  0.067  0.050
2023   8  13   60169  280.771  452.604   -9.4177    0.394 -0.030    0.055    0.056    0.0150  0.090  0.060
2023   8  14   60170  281.823  450.679   -8.2485    0.404  0.039    0.055    0.056    0.0170  0.115  0.071
2023   8  15   60171  282.744  448.904   -7.1781    0.407  0.083    0.055    0.056    0.0219  0.132  0.078
2023   8  16   60172  283.572  447.025   -6.2732    0.409  0.044    0.058    0.059    0.0188  0.163  0.081
2023   8  17   60173  284.154  445.183   -5.5690    0.405 -0.035    0.058    0.060    0.0186  0.207  0.083
2023   8  18   60174  285.203  442.912   -5.0148    0.388 -0.128    0.065    0.060    0.0187  0.242  0.085
2023   8  19   60175  286.566  440.690   -4.5717    0.351 -0.227    0.064    0.058    0.0199  0.348  0.097
2023   8  20   60176  287.747  438.093   -4.1923    0.304 -0.308    0.063    0.059    0.0367  0.494  0.114
2023   8  21   60177  288.671  435.493   -3.8044    0.245 -0.336    0.062    0.057    0.0462  0.462  0.120
2023   8  22   60178  289.769  432.356   -3.3527    0.197 -0.308    0.063    0.055    0.0474  0.327  0.122
2023   8  23   60179  291.358  429.819   -2.7933    0.192 -0.233    0.062    0.059    0.0400  0.206  0.124
2023   8  24   60180  292.539  427.299   -2.0899    0.300 -0.087    0.062    0.057    0.0344  0.167  0.160
2023   8  25   60181  294.147  424.781   -1.2425    0.449  0.069    0.064    0.059    0.0302  0.141  0.212
2023   8  26   60182  296.042  422.672   -0.2644    0.517  0.092    0.063    0.061    0.0263  0.127  0.207
2023   8  27   60183  298.312  420.663    0.7542    0.514  0.009    0.060    0.061    0.0203  0.108  0.167
2023   8  28   60184  300.336  418.954    1.7213    0.479 -0.116    0.060    0.060    0.0207  0.086  0.118
2023   8  29   60185  302.082  417.627    2.4765    0.430 -0.243    0.062    0.060    0.0208  0.069  0.081
2023   8  30   60186  303.509  416.370    2.8590    0.416 -0.269    0.059    0.058    0.0226  0.073  0.079
2023   8  31   60187  304.481  414.958    2.8596    0.411 -0.250    0.063    0.062    0.0256  0.084  0.087
2023   9   1   60188  304.685  413.225    2.5855    0.405 -0.215    0.065    0.061    0.0301  0.094  0.093

 Preliminary extension 
2023   9   2   60189  304.825  411.174    2.2047    0.369 -0.179    0.064    0.058    0.0331  0.091  0.090
2023   9   3   60190  304.727  409.265    1.9255    0.319 -0.144    0.061    0.054    0.0359  0.080  0.078
2023   9   4   60191  304.257  407.156    1.8953    0.275 -0.111    0.063    0.055    0.0390  0.066  0.063
2023   9   5   60192  304.218  404.872    2.1597    0.248 -0.084    0.058    0.051    0.0348  0.054  0.051
2023   9   6   60193  304.277  402.329    2.7048    0.249 -0.067    0.054    0.048    0.0266  0.047  0.044
2023   9   7   60194  304.251  399.326    3.4698    0.318 -0.072    0.052    0.047    0.0210  0.049  0.046
2023   9   8   60195  305.039  395.642    4.3809    0.398 -0.083    0.050    0.046    0.0172  0.052  0.050
2023   9   9   60196  306.257  392.516    5.3774    0.427 -0.079    0.049    0.045    0.0148  0.057  0.058
2023   9  10   60197  307.408  389.462    6.3545    0.414 -0.066    0.048    0.044    0.0132  0.066  0.073
2023   9  11   60198  308.541  386.783    7.2331    0.381 -0.056    0.047    0.043    0.0122  0.076  0.088
2023   9  12   60199  309.349  384.458    7.9671    0.341 -0.056    0.047    0.043    0.0120  0.083  0.099
2023   9  13   60200  309.651  382.325    8.5250    0.408 -0.171    0.048    0.043    0.0126  0.102  0.121
2023   9  14   60201  309.629  380.151    8.8946    0.447 -0.268    0.049    0.043    0.0139  0.123  0.147
2023   9  15   60202  309.724  377.615    9.1225    0.367 -0.258    0.050    0.044    0.0152  0.137  0.164
2023   9  16   60203  309.753  374.765    9.2529    0.265 -0.026    0.052    0.045    0.0176  0.500  0.500
2023   9  17   60204  309.709  371.747    9.3482    0.255 -0.028    0.054    0.046    0.0193  0.500  0.500
2023   9  18   60205  308.922  369.105    9.4834    0.249 -0.027    0.057    0.048    0.0214  0.500  0.500
2023   9  19   60206  308.222  366.178    9.7101    0.246 -0.023    0.059    0.049    0.0238  0.500  0.500
2023   9  20   60207  307.445  363.694   10.0561    0.245 -0.017    0.061    0.050    0.0233  0.500  0.500
2023   9  21   60208  306.742  360.608   10.5555    0.247 -0.015    0.061    0.050    0.0237  0.500  0.500
2023   9  22   60209  306.455  357.845   11.2104    0.253 -0.018    0.060    0.050    0.0261  0.500  0.500
2023   9  23   60210  305.685  355.010   11.9770    0.261 -0.027    0.059    0.051    0.0268  0.500  0.500
2023   9  24   60211  305.092  351.918   12.7442    0.271 -0.039    0.059    0.053    0.0240  0.500  0.500
2023   9  25   60212  304.181  349.020   13.3951    0.277 -0.050    0.059    0.054    0.0218  0.500  0.500
2023   9  26   60213  303.380  346.175   13.8187    0.276 -0.056    0.059    0.055    0.0202  0.500  0.500
2023   9  27   60214  302.800  343.553   13.8983    0.266 -0.058    0.060    0.054    0.0192  0.500  0.500
2023   9  28   60215  302.675  340.934   13.5878    0.249 -0.055    0.061    0.054    0.0201  0.500  0.500
2023   9  29   60216  302.154  338.777   13.0078    0.230 -0.048    0.063    0.054    0.0230  0.500  0.500
2023   9  30   60217  301.749  336.437   12.2995    0.217 -0.038    0.066    0.054    0.0263  0.500  0.500
2023  10   1   60218  301.392  334.313   11.6583    0.212 -0.025    0.069    0.055    0.0252  0.500  0.500
 
	
 2 - DAILY FINAL VALUES OF CELESTIAL POLE OFFSETS dPsi1980 & dEps1980
  dPsi1980   dEps1980 ....dPsi,dEps / IAU 1980 precession-nutation model      
 Description : ftp://hpiers.obspm.fr/iers/bul/bulb_new/bulletinb.pdf
 The Reference Systems are described in the 2006 IERS Annual Report.
 
       DATE     MJD    dPsi1980   dEps1980  sig dPsi  sig dEps   
    (0 h UTC)             mas        mas      mas       mas   

2023   8   2   60158  -116.134    -9.492     0.110     0.039
2023   8   3   60159  -116.254    -9.229     0.118     0.041
2023   8   4   60160  -116.730    -9.216     0.124     0.043
2023   8   5   60161  -117.309    -9.399     0.124     0.042
2023   8   6   60162  -117.788    -9.473     0.120     0.040
2023   8   7   60163  -118.179    -9.345     0.117     0.038
2023   8   8   60164  -118.493    -9.221     0.114     0.036
2023   8   9   60165  -118.588    -9.279     0.120     0.038
2023   8  10   60166  -118.608    -9.447     0.131     0.041
2023   8  11   60167  -118.653    -9.582     0.140     0.044
2023   8  12   60168  -118.715    -9.638     0.169     0.050
2023   8  13   60169  -118.658    -9.705     0.226     0.060
2023   8  14   60170  -118.477    -9.763     0.288     0.071
2023   8  15   60171  -118.294    -9.656     0.332     0.078
2023   8  16   60172  -118.177    -9.364     0.410     0.081
2023   8  17   60173  -118.140    -8.999     0.519     0.083
2023   8  18   60174  -118.142    -8.791     0.607     0.085
2023   8  19   60175  -118.160    -8.828     0.875     0.097
2023   8  20   60176  -118.159    -8.978     1.242     0.114
2023   8  21   60177  -118.243    -9.084     1.160     0.120
2023   8  22   60178  -118.537    -9.172     0.823     0.122
2023   8  23   60179  -119.045    -9.335     0.517     0.124
2023   8  24   60180  -119.401    -9.502     0.420     0.160
2023   8  25   60181  -119.430    -9.558     0.354     0.212
2023   8  26   60182  -119.256    -9.553     0.318     0.207
2023   8  27   60183  -118.937    -9.547     0.272     0.167
2023   8  28   60184  -118.543    -9.548     0.217     0.118
2023   8  29   60185  -118.239    -9.441     0.174     0.081
2023   8  30   60186  -118.177    -9.106     0.184     0.079
2023   8  31   60187  -118.523    -8.848     0.211     0.087
2023   9   1   60188  -119.010    -8.951     0.236     0.093


 3 - EARTH ANGULAR VELOCITY : DAILY FINAL VALUES OF LOD, OMEGA AT 0hUTC
 
 LOD     : Excess of the Length of day - 86400 s TAI 
 OMEGA   : Earth angular velocity  
 Description: ftp://hpiers.obspm.fr/iers/bul/bulb_new/bulletinb.pdf
 
    DATE        MJD     LOD     sigma      OMEGA           sigma        
 (0 h UTC)              ms       ms        mas/ms          mas/ms

2023   8   2   60158 -0.4612  0.0256  15.04106725896    0.00000000446 
2023   8   3   60159 -0.1511  0.0257  15.04106720497    0.00000000447 
2023   8   4   60160  0.0812  0.0262  15.04106716453    0.00000000456 
2023   8   5   60161  0.1727  0.0249  15.04106714861    0.00000000433 
2023   8   6   60162  0.0858  0.0241  15.04106716373    0.00000000420 
2023   8   7   60163 -0.1127  0.0238  15.04106719829    0.00000000414 
2023   8   8   60164 -0.3629  0.0236  15.04106724185    0.00000000411 
2023   8   9   60165 -0.6123  0.0236  15.04106728526    0.00000000411 
2023   8  10   60166 -0.8460  0.0240  15.04106732595    0.00000000418 
2023   8  11   60167 -1.0614  0.0242  15.04106736345    0.00000000421 
2023   8  12   60168 -1.1748  0.0245  15.04106738319    0.00000000427 
2023   8  13   60169 -1.1952  0.0241  15.04106738674    0.00000000420 
2023   8  14   60170 -1.1327  0.0235  15.04106737586    0.00000000409 
2023   8  15   60171 -0.9947  0.0239  15.04106735183    0.00000000416 
2023   8  16   60172 -0.7974  0.0245  15.04106731749    0.00000000427 
2023   8  17   60173 -0.6196  0.0249  15.04106728653    0.00000000433 
2023   8  18   60174 -0.4897  0.0256  15.04106726392    0.00000000446 
2023   8  19   60175 -0.4010  0.0272  15.04106724848    0.00000000474 
2023   8  20   60176 -0.3720  0.0270  15.04106724343    0.00000000470 
2023   8  21   60177 -0.4111  0.0271  15.04106725024    0.00000000472 
2023   8  22   60178 -0.4982  0.0252  15.04106726540    0.00000000439 
2023   8  23   60179 -0.6287  0.0243  15.04106728812    0.00000000423 
2023   8  24   60180 -0.7810  0.0242  15.04106731463    0.00000000421 
2023   8  25   60181 -0.9207  0.0247  15.04106733895    0.00000000430 
2023   8  26   60182 -1.0216  0.0248  15.04106735652    0.00000000432 
2023   8  27   60183 -1.0209  0.0261  15.04106735640    0.00000000454 
2023   8  28   60184 -0.8780  0.0256  15.04106733152    0.00000000446 
2023   8  29   60185 -0.5862  0.0260  15.04106728072    0.00000000453 
2023   8  30   60186 -0.1866  0.0278  15.04106721115    0.00000000484 
2023   8  31   60187  0.1634  0.0282  15.04106715022    0.00000000491 
2023   9   1   60188  0.3596  0.0275  15.04106711607    0.00000000479 


 4 - INFORMATION ON TIME SCALES 
     
         
     TAI - UTC = 37 s.         during period [60158-60188]

     No leap second introduced during period [60158-60188]

     All information concerning time scales : 
	 - leap seconds announcements : Bulletin C 
	 - DUT1 announcements (UT1-UTC with 0.1 s accuracy) : Bulletin D
      can be found at : 
         - web site : http://hpiers.obspm.fr/eop-pc/
         - anonymous ftp://hpiers.obspm.fr/iers/ 


 5 - SUMMARY OF CONTRIBUTED EARTH ORIENTATION PARAMETERS SERIES
 This section gives the average precision of the individual series, some of them
 contributing to the combination (*) and their average agreement with it. 
 The period covered is that one of Bulletin B. 
 
    Units :  micro-arc-seconds for x/y/dX/dY        micro-seconds for UT1/LOD
-----------------------------------------------------------------------------
  EOP series             first line  : Mean  formal  uncertainty
  Periods covered        second line : Weighted RMS agreement with Bulletin B
-----------------------------------------------------------------------------
                                x     y    UT1   LOD   dX    dY   Data Number		

 VLBI Standards

 BKG       
 bkg2023a.eoxy                 89    95     7     -    56    60      14
 60159.25 to 60185.21         191   226    24     -    76   187

 GSFC      
 gsf2023a.eoxy                 99   106     8    26    68    69      14
 60159.25 to 60185.21         185   326    22    39    81    95

 USNO      
 usn2023b.eoxy                 81    50     8     -    47    50       9
 60160.27 to 60185.21         162    69    23     -    67    50

 IVS      *
 ivs2023a.eoxy                 72    64     3     -    42    45       8
 60160.27 to 60185.21         197   130    23     -     9    13

  

 VLBI Intensive

 GSI      *
 gsiint2d.eopi                  -     -    12     -     -     -       7
 60161.33 to 60183.33           -     -    58     -     -     -

 BKG      *
 bkg2023.eopi                   -     -    12     -     -     -      47
 60158.79 to 60187.79           -     -    87     -     -     -

 GSFC     *
 gsf2023a.eopi                  -     -    19     -     -     -      47
 60158.79 to 60188.00           -     -    62     -     -     -

 IAA      *
 iaa2021a.eopi                  -     -    23     -     -     -      20
 60158.79 to 60186.79           -     -    27     -     -     -

 USNO     *
 usn2023b.eopi                  -     -    11     -     -     -      46
 60158.79 to 60188.00           -     -    64     -     -     -

 

 GPS

 CODE      
 COD0OPSFIN                     3     3     -     0     -     -      30
 60158.50 to 60187.50          33    29     -    16     -     -

 JPL       
 JPL0OPSFIN                     9    11     -     6     -     -      30
 60158.50 to 60187.50          51    44     -    23     -     -

 GFZ       
 GFZ0OPSFIN                     4     4     -     1     -     -      30
 60158.50 to 60187.50          40    42     -    14     -     -

 ESA       
 ESA0OPSFIN                     5     6     -     3     -     -      30
 60158.50 to 60187.50          41    35     -    13     -     -

 SIO       
 SIO0OPSFIN                    23    23     -    10     -     -      30
 60158.50 to 60187.50          56    43     -    18     -     -

 EMR       
 EMR0OPSRAP                     4     3     -     1     -     -      30
 60158.50 to 60187.50          58    58     -    15     -     -

 IAA       
 gnss.res                       0     0     -     0     -     -      29
 60158.50 to 60187.50          59    66     -    21     -     -

 GRGS      
 GRG0OPSFIN                   263   263     -     0     -     -      30
 60158.50 to 60187.50          39    38     -    15     -     -

 ASI       
 asi*.erp                      10     9     -     0     -     -      28
 60158.50 to 60187.50          25    25     -    84     -     -

 MIT       
 MIT0OPSFIN                    10    10     -     1     -     -      30
 60158.50 to 60187.50          56    42     -    18     -     -

 IGR      *
 IGS0OPSRAP                    11    12     -     3     -     -      30
 60158.50 to 60187.50          36    38     -    12     -     -

 IGS      *
 IGS0OPSFIN                    10    14     -     2     -     -      30
 60158.50 to 60187.50          31    29     -    15     -     -


 SLR

 MCC       
 tg*.02                       195   257     -    46     -     -      31
 60158.00 to 60188.00         127   184     -   281     -     -

 ASI       
 asi2023a.eops                280   251     - 60185     -     -       0
 00014.00 to 00000.00         468   247     -    85     -     -

 ILRS     *
 ilrsa.eop                     50    56     -     8     -     -      30
 60158.50 to 60187.50         227   173     -    25     -     -


 BULLETIN A

 NEOS      
 mark3.out                     18    16     7     -     -     -      31
 60158.00 to 60188.00          27    45    28     -     -     -

To unsubscribe : http://hpiers.obspm.fr/eop-pc/products/bulletins/bulletin_registration.html