                                                                BULLETIN B 313
                                        			1 March 2014   
    
 Contents are described in ftp://hpiers.obspm.fr/iers/bul/bulb_new/bulletinb.pdf 
	
 1 - DAILY FINAL VALUES OF x, y, UT1-UTC, dX, dY
 Angular unit is milliarcsecond (mas), time unit is millisecond (ms). 
 Upgraded solution from February 1 2011 - consistent with ITRF 2008.
 
       DATE     MJD       x       y      UT1-UTC      dX     dY     x err    y err   UT1 err  X err  Y err
    (0 h UTC)            mas     mas       ms         mas    mas     mas      mas      ms     mas     mas

 Final values 

 Mean formal error      0.067    0.069    0.0074    0.039  0.049 
 
2014   1   2   56659   38.392  319.560  -98.2417   -0.064  0.224    0.066    0.069    0.0100  0.058  0.075
2014   1   3   56660   37.782  320.363  -99.5045   -0.095  0.243    0.074    0.074    0.0044  0.078  0.099
2014   1   4   56661   37.125  320.762 -100.8534   -0.075  0.256    0.077    0.080    0.0090  0.073  0.092
2014   1   5   56662   36.686  321.192 -102.2594   -0.033  0.258    0.062    0.073    0.0084  0.058  0.074
2014   1   6   56663   36.107  321.881 -103.6670    0.013  0.248    0.050    0.063    0.0060  0.050  0.061
2014   1   7   56664   35.279  322.794 -104.9941    0.056  0.231    0.062    0.064    0.0015  0.033  0.041
2014   1   8   56665   34.294  323.912 -106.1719    0.057  0.229    0.075    0.068    0.0053  0.028  0.034
2014   1   9   56666   33.907  324.957 -107.2008    0.045  0.233    0.070    0.071    0.0107  0.026  0.031
2014   1  10   56667   33.546  326.433 -108.0952    0.031  0.235    0.063    0.072    0.0060  0.024  0.027
2014   1  11   56668   32.776  327.841 -108.8510    0.033  0.249    0.066    0.071    0.0073  0.030  0.034
2014   1  12   56669   31.632  328.925 -109.4762    0.040  0.265    0.066    0.071    0.0066  0.038  0.045
2014   1  13   56670   30.272  329.986 -110.0333    0.047  0.274    0.063    0.063    0.0076  0.046  0.056
2014   1  14   56671   29.421  330.656 -110.5752    0.050  0.275    0.076    0.085    0.0026  0.054  0.067
2014   1  15   56672   28.546  331.742 -111.1690    0.118  0.199    0.123    0.120    0.0096  0.041  0.051
2014   1  16   56673   27.457  332.608 -111.8389    0.152  0.183    0.115    0.097    0.0148  0.035  0.043
2014   1  17   56674   26.580  333.728 -112.6043    0.183  0.167    0.066    0.060    0.0060  0.028  0.036
2014   1  18   56675   25.855  335.069 -113.4933    0.181  0.156    0.066    0.060    0.0069  0.029  0.037
2014   1  19   56676   24.806  336.353 -114.5454    0.164  0.148    0.070    0.066    0.0081  0.034  0.042
2014   1  20   56677   23.812  337.368 -115.7127    0.127  0.141    0.063    0.065    0.0073  0.038  0.046
2014   1  21   56678   23.712  338.243 -116.9561    0.104  0.132    0.059    0.068    0.0109  0.042  0.050
2014   1  22   56679   24.082  338.997 -118.2377    0.080  0.121    0.061    0.068    0.0046  0.046  0.054
2014   1  23   56680   24.329  339.927 -119.5135    0.166  0.120    0.060    0.063    0.0084  0.034  0.040
2014   1  24   56681   24.480  340.703 -120.7234    0.277  0.119    0.063    0.066    0.0050  0.018  0.021
2014   1  25   56682   24.339  341.338 -121.8334    0.304  0.101    0.072    0.071    0.0059  0.029  0.036
2014   1  26   56683   24.143  341.833 -122.8609    0.292  0.075    0.068    0.072    0.0108  0.051  0.064
2014   1  27   56684   24.219  342.592 -123.8269    0.247  0.063    0.067    0.076    0.0106  0.025  0.031
2014   1  28   56685   24.393  343.907 -124.7856    0.206  0.042    0.063    0.071    0.0105  0.030  0.037
2014   1  29   56686   24.500  345.495 -125.8104    0.153  0.023    0.052    0.058    0.0039  0.031  0.042
2014   1  30   56687   24.526  346.902 -126.9629    0.185  0.030    0.056    0.057    0.0083  0.037  0.048
2014   1  31   56688   24.216  347.929 -128.2635    0.234  0.048    0.056    0.053    0.0041  0.044  0.055
2014   2   1   56689   23.746  348.777 -129.6531    0.200  0.066    0.057    0.052    0.0094  0.043  0.053

 Preliminary extension 
2014   2   2   56690   23.546  349.472 -131.0704    0.134  0.089    0.054    0.053    0.0063  0.038  0.047
2014   2   3   56691   23.593  350.099 -132.4579    0.069  0.115    0.054    0.051    0.0069  0.034  0.041
2014   2   4   56692   23.725  351.002 -133.7442    0.009  0.143    0.052    0.052    0.0023  0.030  0.035
2014   2   5   56693   23.887  352.326 -134.8585   -0.006  0.179    0.052    0.053    0.0109  0.029  0.035
2014   2   6   56694   24.321  353.693 -135.7711   -0.002  0.213    0.051    0.052    0.0139  0.029  0.035
2014   2   7   56695   24.511  355.291 -136.5311    0.008  0.240    0.051    0.053    0.0080  0.029  0.036
2014   2   8   56696   24.440  356.674 -137.2005    0.023  0.256    0.051    0.051    0.0091  0.029  0.036
2014   2   9   56697   24.415  358.200 -137.8049    0.041  0.260    0.109    0.098    0.0126  0.029  0.036
2014   2  10   56698   24.196  359.808 -138.3911    0.059  0.252    0.185    0.136    0.0097  0.029  0.037
2014   2  11   56699   23.989  361.777 -139.0041    0.076  0.233    0.219    0.159    0.0021  0.029  0.037
2014   2  12   56700   23.543  363.732 -139.6712    0.005  0.001    0.206    0.146    0.0058  0.077  0.073
2014   2  13   56701   22.817  365.417 -140.4534    0.005  0.002    0.193    0.135    0.0051  0.090  0.083
2014   2  14   56702   22.083  367.100 -141.3829    0.005  0.002    0.221    0.182    0.0066  0.090  0.083
2014   2  15   56703   21.507  368.687 -142.4442    0.005  0.002    0.147    0.210    0.0061  0.090  0.083
2014   2  16   56704   21.012  370.366 -143.6539    0.005  0.002    0.165    0.274    0.0086  0.090  0.083
2014   2  17   56705   20.497  372.085 -144.9566    0.005  0.002    0.186    0.266    0.0077  0.090  0.083
2014   2  18   56706   19.835  373.408 -146.3303    0.005  0.002    0.191    0.212    0.0074  0.090  0.083
2014   2  19   56707   19.918  374.804 -147.7174    0.005  0.002    0.258    0.233    0.0072  0.090  0.083
2014   2  20   56708   20.112  376.110 -149.0456    0.005  0.001    0.237    0.186    0.0064  0.090  0.083
2014   2  21   56709   20.347  377.356 -150.3248    0.005  0.002    0.258    0.173    0.0094  0.090  0.083
2014   2  22   56710   20.531  378.531 -151.5306    0.005  0.002    0.232    0.190    0.0115  0.090  0.083
2014   2  23   56711   20.694  379.925 -152.6712    0.005  0.001    0.192    0.260    0.0081  0.090  0.083
2014   2  24   56712   20.426  381.329 -153.8087    0.005  0.001    0.166    0.252    0.0066  0.090  0.083
2014   2  25   56713   19.615  382.689 -155.0538    0.005  0.001    0.109    0.186    0.0053  0.090  0.083
2014   2  26   56714   18.818  383.567 -156.4061    0.005  0.002    0.196    0.251    0.0058  0.090  0.083
2014   2  27   56715   18.889  384.185 -157.9755    0.005  0.002    0.268    0.234    0.0059  0.090  0.083
2014   2  28   56716   19.203  385.157 -159.7865    0.005  0.001    0.440    0.545    0.0248  0.090  0.083
2014   3   1   56717   19.713  386.243 -161.6824    0.005  0.001  999.000  999.000  999.0000 999.000 999.000
 
	
 2 - DAILY FINAL VALUES OF CELESTIAL POLE OFFSETS dPsi1980 & dEps1980
  dPsi1980   dEps1980 ....dPsi,dEps / IAU 1980 precession-nutation model      
 Description : ftp://hpiers.obspm.fr/iers/bul/bulb_new/bulletinb.pdf
 The Reference Systems are described in the 2006 IERS Annual Report.
 
       DATE     MJD    dPsi1980   dEps1980  sig dPsi  sig dEps   
    (0 h UTC)             mas        mas      mas       mas   

2014   1   2   56659   -81.487    -9.480     0.146     0.075
2014   1   3   56660   -81.674    -9.246     0.197     0.099
2014   1   4   56661   -81.630    -9.033     0.183     0.092
2014   1   5   56662   -81.371    -8.961     0.146     0.074
2014   1   6   56663   -81.145    -8.927     0.126     0.061
2014   1   7   56664   -81.167    -8.863     0.083     0.041
2014   1   8   56665   -81.424    -8.859     0.070     0.034
2014   1   9   56666   -81.576    -9.019     0.066     0.031
2014   1  10   56667   -81.557    -9.258     0.061     0.027
2014   1  11   56668   -81.498    -9.387     0.075     0.034
2014   1  12   56669   -81.511    -9.361     0.096     0.045
2014   1  13   56670   -81.526    -9.277     0.115     0.056
2014   1  14   56671   -81.464    -9.229     0.136     0.067
2014   1  15   56672   -81.167    -9.286     0.103     0.051
2014   1  16   56673   -80.935    -9.273     0.087     0.043
2014   1  17   56674   -80.720    -9.285     0.071     0.036
2014   1  18   56675   -80.619    -9.387     0.074     0.037
2014   1  19   56676   -80.590    -9.566     0.085     0.042
2014   1  20   56677   -80.598    -9.699     0.095     0.046
2014   1  21   56678   -80.521    -9.694     0.105     0.050
2014   1  22   56679   -80.484    -9.605     0.115     0.054
2014   1  23   56680   -80.388    -9.547     0.085     0.040
2014   1  24   56681   -80.469    -9.563     0.045     0.021
2014   1  25   56682   -80.789    -9.584     0.074     0.036
2014   1  26   56683   -81.047    -9.563     0.128     0.064
2014   1  27   56684   -81.268    -9.605     0.064     0.031
2014   1  28   56685   -81.486    -9.836     0.075     0.037
2014   1  29   56686   -81.748   -10.098     0.079     0.042
2014   1  30   56687   -81.739   -10.098     0.094     0.048
2014   1  31   56688   -81.576    -9.829     0.110     0.055
2014   2   1   56689   -81.462    -9.572     0.107     0.053

 
 3 - EARTH ANGULAR VELOCITY : DAILY FINAL VALUES OF LOD, OMEGA AT 0hUTC
 
 LOD     : Excess of the Length of day - 86400 s TAI 
 OMEGA   : Earth angular velocity  
 Description: ftp://hpiers.obspm.fr/iers/bul/bulb_new/bulletinb.pdf
 
    DATE        MJD     LOD     sigma      OMEGA           sigma        
 (0 h UTC)              ms       ms        mas/ms          mas/ms

2014   1   2   56659  1.2244  0.0103  15.04106696552    0.00000000179 
2014   1   3   56660  1.2891  0.0106  15.04106695426    0.00000000185 
2014   1   4   56661  1.3700  0.0108  15.04106694017    0.00000000188 
2014   1   5   56662  1.4069  0.0105  15.04106693375    0.00000000183 
2014   1   6   56663  1.3719  0.0105  15.04106693984    0.00000000183 
2014   1   7   56664  1.2600  0.0101  15.04106695932    0.00000000176 
2014   1   8   56665  1.0866  0.0095  15.04106698951    0.00000000165 
2014   1   9   56666  0.9609  0.0099  15.04106701139    0.00000000172 
2014   1  10   56667  0.8228  0.0104  15.04106703543    0.00000000181 
2014   1  11   56668  0.6595  0.0104  15.04106706386    0.00000000181 
2014   1  12   56669  0.5864  0.0104  15.04106707659    0.00000000181 
2014   1  13   56670  0.5443  0.0104  15.04106708392    0.00000000181 
2014   1  14   56671  0.5506  0.0103  15.04106708282    0.00000000179 
2014   1  15   56672  0.6303  0.0102  15.04106706894    0.00000000178 
2014   1  16   56673  0.7078  0.0104  15.04106705545    0.00000000181 
2014   1  17   56674  0.8222  0.0104  15.04106703554    0.00000000181 
2014   1  18   56675  0.9783  0.0104  15.04106700836    0.00000000181 
2014   1  19   56676  1.1223  0.0104  15.04106698329    0.00000000181 
2014   1  20   56677  1.2096  0.0110  15.04106696810    0.00000000191 
2014   1  21   56678  1.2609  0.0109  15.04106695916    0.00000000190 
2014   1  22   56679  1.2905  0.0105  15.04106695401    0.00000000183 
2014   1  23   56680  1.2530  0.0109  15.04106696054    0.00000000190 
2014   1  24   56681  1.1452  0.0115  15.04106697931    0.00000000200 
2014   1  25   56682  1.0877  0.0117  15.04106698932    0.00000000204 
2014   1  26   56683  1.0070  0.0114  15.04106700337    0.00000000198 
2014   1  27   56684  0.9428  0.0111  15.04106701454    0.00000000193 
2014   1  28   56685  0.9563  0.0107  15.04106701219    0.00000000186 
2014   1  29   56686  1.0692  0.0106  15.04106699254    0.00000000185 
2014   1  30   56687  1.2370  0.0107  15.04106696333    0.00000000186 
2014   1  31   56688  1.3411  0.0106  15.04106694520    0.00000000185 
2014   2   1   56689  1.4023  0.0105  15.04106693455    0.00000000183 


 4 - INFORMATION ON TIME SCALES 
     
     TAI - UTC = 35 s.         during period [56659-56689]

     No leap second introduced during period [56659-56689]

     All information concerning time scales : 
	 - leap seconds announcements : Bulletin C 
	 - DUT1 announcements (UT1-UTC with 0.1 s accuracy) : Bulletin D
      can be found at : 
         - web site : http://hpiers.obspm.fr/eop-pc/
         - anonymous ftp : hpiers.obspm.fr/iers/ or 145.238.100.28


 5 - SUMMARY OF CONTRIBUTED EARTH ORIENTATION PARAMETERS SERIES
 This section gives the average precision of the individual series, some of them
 contributing to the combination (*) and their average agreement with it. 
 The period covered is that one of Bulletin B. 
 
    Units :  micro-arc-seconds for x/y/dX/dY        micro-seconds for UT1/LOD
-----------------------------------------------------------------------------
  EOP series             first line  : Mean  formal  uncertainty
  Periods covered        second line : Weighted RMS agreement with Bulletin B
-----------------------------------------------------------------------------
                                x     y    UT1   LOD   dX    dY   Data Number		

 VLBI Standards

 AUS       
 aus00007.eops                 72    67     3     -    65    59       9
 56660.27 to 56688.27         537   140     5     -   185    86

 BKG       
 bkg00013.eops                 71    71     3     -    51    45       9
 56660.27 to 56688.27         125   144    11     -    41    47

 GSFC      
 gsf2012a.eops                 69    67     2     7    46    43       9
 56660.27 to 56688.27         133   114     9     7    57    52

 IAA       
 iaa2007a.eops                 60    60     3     -    44    44       9
 56660.27 to 56688.27         147   104     7     -    92    61

 USNO      
 usn2012b.eops                 77    73     3     -    63    60       9
 56660.27 to 56688.27         236   614    34     -   109    65

 MAO       
 mao2003o.eops                  0     0     0     -     0     0       0
 00000.00 to 00000.00           0     0     0     -     0     0

 IVS      *
 ivs07r1e.eops                 20    18     1     -     8    23       9
 56660.27 to 56688.27          75    86     1     -    12    12


 VLBI Intensive

 BKG      *
 bkgint09.eopi                  -     -     8     -     -     -      35
 56659.79 to 56688.80           -     -    21     -     -     -

 GSFC     *
 gsf2012a.eopi                  -     -    12     -     -     -      35
 56659.79 to 56688.80           -     -    21     -     -     -

 IAA      *
 iaa2005a.eopi                  -     -    12     -     -     -      20
 56659.79 to 56688.80           -     -    19     -     -     -

 PUL       
 pul2010a.eopi                  -     -    11     -     -     -      34
 56659.79 to 56688.80           -     -    21     -     -     -

 USNO     *
 usn2012b.eopi                  -     -    18     -     -     -      35
 56659.79 to 56688.80           -     -    23     -     -     -


 GPS

 CODE      
 cod*.erp                       5     6     -     0     -     -      30
 56659.50 to 56688.50          21    30     -     5     -     -

 JPL       
 jpl*.erp                       9    10     -     4     -     -      30
 56659.50 to 56688.50          41    50     -    19     -     -

 GFZ       
 gfz*.erp                       5     6     -     1     -     -      30
 56659.50 to 56688.50          22    39     -     6     -     -

 ESOC      
 esa*.erp                      14    12     -     3     -     -      30
 56659.50 to 56688.50          24    27     -     5     -     -

 NOAA      
 ngs*.erp                       2     3     -     0     -     -      30
 56659.50 to 56688.50          59    58     -     7     -     -

 SIO       
 sio*.erp siu*.erp             10    10     -     2     -     -      30
 56659.50 to 56688.50          30    38     -    15     -     -

 EMR       
 emr*.erp                      29    29     -     8     -     -      30
 56659.50 to 56688.50          34    48     -    14     -     -

 IAA       
 gps_iaa_*.eop                  4     4     -     0     -     -      30
 56659.50 to 56688.50          39    48     -    10     -     -

 ASI       
 cgs*.erp                       9     9     -     1     -     -      19
 56659.50 to 56683.50          59    32     -    27     -     -

 MIT       
 mit*.erp                      12    12     -     1     -     -      30
 56659.50 to 56688.50          27    33     -     6     -     -

 IGR      *
 igs96p02.erp                  16    17     -     4     -     -      30
 56659.50 to 56688.50          25    26     -     8     -     -

 IGS      *
 igs00p03.erp                   8     9     -     1     -     -      30
 56659.50 to 56688.50          19    24     -     4     -     -


 SLR

 MCC       
 tg*.02                       146   138     -    19     -     -      26
 56659.00 to 56688.00         112    87     -    90     -     -

 IAA       
 slr_iaa_*.eop                 39    39     -     2     -     -      31
 56659.00 to 56689.00         150   121     -    19     -     -

 CGS       
 asi*.eop                      66    65     -    16     -     -      30
 56659.50 to 56688.50         194   145     -    46     -     -

 ILRS     *
 ilrsa.eop                     79    80     -    19     -     -      30
 56659.50 to 56688.50         126   129     -    27     -     -


 BULLETIN A

 NEOS      
 mark3.out                     29    25     5     -     -     -      31
 56659.00 to 56689.00          18    22    11     -     -     -

To unsubscribe : http://hpiers.obspm.fr/eop-pc/products/bulletins/bulletin_registration.html