                                                                BULLETIN B 314
                                        			2 April 2014   
    
 Contents are described in ftp://hpiers.obspm.fr/iers/bul/bulb_new/bulletinb.pdf 
	
 1 - DAILY FINAL VALUES OF x, y, UT1-UTC, dX, dY
 Angular unit is milliarcsecond (mas), time unit is millisecond (ms). 
 Upgraded solution from February 1 2011 - consistent with ITRF 2008.
 
       DATE     MJD       x       y      UT1-UTC      dX     dY     x err    y err   UT1 err  X err  Y err
    (0 h UTC)            mas     mas       ms         mas    mas     mas      mas      ms     mas     mas

 Final values 

 Mean formal error      0.061    0.059    0.0070    0.065  0.065 
 
2014   2   2   56690   23.546  349.472 -131.0704    0.134  0.089    0.054    0.053    0.0063  0.038  0.047
2014   2   3   56691   23.587  350.099 -132.4575    0.070  0.115    0.055    0.051    0.0069  0.034  0.041
2014   2   4   56692   23.731  351.001 -133.7438    0.011  0.143    0.053    0.052    0.0023  0.030  0.035
2014   2   5   56693   23.882  352.327 -134.8635    0.059  0.153    0.052    0.053    0.0108  0.053  0.039
2014   2   6   56694   24.326  353.693 -135.7882    0.141  0.158    0.052    0.052    0.0146  0.085  0.045
2014   2   7   56695   24.504  355.291 -136.5502    0.228  0.157    0.052    0.053    0.0086  0.116  0.051
2014   2   8   56696   24.453  356.675 -137.2079    0.224  0.179    0.051    0.050    0.0090  0.107  0.050
2014   2   9   56697   24.378  358.195 -137.8092    0.185  0.204    0.052    0.051    0.0125  0.082  0.046
2014   2  10   56698   24.167  359.775 -138.3968    0.141  0.219    0.051    0.053    0.0097  0.057  0.042
2014   2  11   56699   24.019  361.757 -139.0051    0.093  0.227    0.055    0.057    0.0021  0.033  0.039
2014   2  12   56700   23.525  363.716 -139.6693    0.160  0.178    0.062    0.059    0.0058  0.036  0.048
2014   2  13   56701   22.797  365.376 -140.4604    0.255  0.115    0.067    0.062    0.0067  0.045  0.061
2014   2  14   56702   22.064  367.071 -141.3986    0.344  0.053    0.076    0.071    0.0049  0.054  0.074
2014   2  15   56703   21.480  368.624 -142.4512    0.330  0.044    0.066    0.072    0.0060  0.079  0.098
2014   2  16   56704   21.005  370.370 -143.6581    0.273  0.057    0.058    0.065    0.0086  0.109  0.126
2014   2  17   56705   20.488  372.132 -144.9610    0.211  0.066    0.061    0.060    0.0077  0.139  0.153
2014   2  18   56706   19.812  373.408 -146.3208    0.138  0.082    0.061    0.063    0.0042  0.169  0.181
2014   2  19   56707   19.886  374.810 -147.7070    0.153  0.041    0.068    0.064    0.0071  0.141  0.153
2014   2  20   56708   20.101  376.100 -149.0550    0.200  0.009    0.068    0.059    0.0076  0.095  0.107
2014   2  21   56709   20.333  377.353 -150.3430    0.245 -0.020    0.064    0.059    0.0046  0.051  0.062
2014   2  22   56710   20.503  378.514 -151.5427    0.272  0.003    0.063    0.060    0.0115  0.035  0.046
2014   2  23   56711   20.667  379.942 -152.6833    0.287  0.043    0.063    0.060    0.0081  0.031  0.042
2014   2  24   56712   20.406  381.353 -153.8325    0.287  0.079    0.061    0.060    0.0072  0.027  0.036
2014   2  25   56713   19.586  382.709 -155.0436    0.291  0.120    0.063    0.063    0.0022  0.023  0.032
2014   2  26   56714   18.776  383.582 -156.3845    0.271  0.114    0.068    0.063    0.0054  0.029  0.038
2014   2  27   56715   18.820  384.179 -157.9347    0.244  0.094    0.074    0.066    0.0048  0.037  0.046
2014   2  28   56716   19.274  385.242 -159.7391    0.216  0.068    0.074    0.067    0.0029  0.045  0.053
2014   3   1   56717   19.841  386.558 -161.6963    0.223  0.068    0.070    0.063    0.0075  0.045  0.053

 Preliminary extension 
2014   3   2   56718   20.229  387.859 -163.7004    0.241  0.076    0.070    0.063    0.0067  0.041  0.051
2014   3   3   56719   20.440  389.343 -165.6640    0.255  0.080    0.123    0.123    0.0078  0.038  0.047
2014   3   4   56720   20.479  390.843 -167.5271    0.260  0.082    0.065    0.056    0.0026  0.034  0.044
2014   3   5   56721   20.394  392.003 -169.2168    0.275  0.078    0.061    0.056    0.0074  0.052  0.068
2014   3   6   56722   20.403  392.936 -170.7379    0.289  0.071    0.057    0.055    0.0060  0.076  0.099
2014   3   7   56723   20.311  394.000 -172.1194    0.304  0.065    0.066    0.062    0.0057  0.099  0.130
2014   3   8   56724   20.122  395.066 -173.3590    0.318  0.049    0.075    0.068    0.0046  0.104  0.133
2014   3   9   56725   19.882  396.126 -174.4774    0.330  0.023    0.065    0.065    0.0053  0.091  0.106
2014   3  10   56726   19.531  396.918 -175.5597    0.338  0.004    0.057    0.059    0.0050  0.078  0.080
2014   3  11   56727   19.309  397.992 -176.6234    0.342 -0.008    0.052    0.059    0.0055  0.064  0.054
2014   3  12   56728   19.482  399.098 -177.6738    0.338 -0.012    0.052    0.066    0.0057  0.051  0.028
2014   3  13   56729   20.331  400.185 -178.7809    0.329  0.054    0.064    0.069    0.0060  0.057  0.046
2014   3  14   56730   21.443  401.234 -179.9864    0.312  0.137    0.071    0.072    0.0050  0.068  0.075
2014   3  15   56731   22.568  402.421 -181.2387    0.285  0.181    0.073    0.075    0.0057  0.074  0.092
2014   3  16   56732   23.562  403.668 -182.5083    0.247  0.181    0.121    0.101    0.0089  0.075  0.097
2014   3  17   56733   24.465  404.914 -183.7836    0.205  0.168    0.222    0.179    0.0079  0.076  0.101
2014   3  18   56734   24.837  405.582 -185.0390    0.162  0.144    0.235    0.254    0.0057  0.076  0.105
2014   3  19   56735   25.403  405.997 -186.2629    0.005  0.001    0.141    0.209    0.0067  0.082  0.096
2014   3  20   56736   26.013  406.484 -187.4390    0.005  0.001    0.350    0.169    0.0087  0.088  0.084
2014   3  21   56737   26.746  406.955 -188.5769    0.005  0.002    0.518    0.370    0.0115  0.088  0.084
2014   3  22   56738   27.586  407.707 -189.6772    0.005  0.002    0.322    0.461    0.0124  0.088  0.084
2014   3  23   56739   29.259  409.594 -190.8257    0.005  0.001    0.233    0.288    0.0080  0.088  0.084
2014   3  24   56740   30.888  411.307 -192.0595    0.005  0.001    0.178    0.180    0.0091  0.088  0.084
2014   3  25   56741   32.300  412.642 -193.3635    0.005  0.001    0.115    0.145    0.0091  0.088  0.084
2014   3  26   56742   33.628  414.094 -194.7835    0.005  0.001    0.134    0.180    0.0087  0.088  0.084
2014   3  27   56743   35.114  415.312 -196.4030    0.005  0.001    0.159    0.546    0.0089  0.088  0.084
2014   3  28   56744   36.635  416.491 -198.1364    0.005  0.002    0.336    0.775    0.0098  0.088  0.084
2014   3  29   56745   38.204  417.392 -199.8818    0.005  0.001    0.703    0.667    0.0064  0.088  0.084
2014   3  30   56746   40.323  418.202 -201.6710    0.005  0.001    0.531    0.431    0.0102  0.088  0.084
2014   3  31   56747   42.242  419.383 -203.4091    0.005  0.001    0.245    0.218    0.0098  0.088  0.084
2014   4   1   56748   43.619  420.935 -204.9937    0.005  0.001    0.207    0.135    0.0067  0.088  0.084
 
	
 2 - DAILY FINAL VALUES OF CELESTIAL POLE OFFSETS dPsi1980 & dEps1980
  dPsi1980   dEps1980 ....dPsi,dEps / IAU 1980 precession-nutation model      
 Description : ftp://hpiers.obspm.fr/iers/bul/bulb_new/bulletinb.pdf
 The Reference Systems are described in the 2006 IERS Annual Report.
 
       DATE     MJD    dPsi1980   dEps1980  sig dPsi  sig dEps   
    (0 h UTC)             mas        mas      mas       mas   

2014   2   2   56690   -81.318    -9.518     0.096     0.047
2014   2   3   56691   -81.295    -9.580     0.085     0.041
2014   2   4   56692   -81.580    -9.608     0.075     0.035
2014   2   5   56693   -81.756    -9.651     0.134     0.039
2014   2   6   56694   -81.668    -9.814     0.213     0.045
2014   2   7   56695   -81.330   -10.084     0.292     0.051
2014   2   8   56696   -81.245   -10.292     0.268     0.050
2014   2   9   56697   -81.434   -10.365     0.207     0.046
2014   2  10   56698   -81.661   -10.357     0.144     0.042
2014   2  11   56699   -81.714   -10.346     0.083     0.039
2014   2  12   56700   -81.303   -10.399     0.090     0.048
2014   2  13   56701   -80.805   -10.448     0.113     0.061
2014   2  14   56702   -80.391   -10.504     0.137     0.074
2014   2  15   56703   -80.273   -10.588     0.199     0.098
2014   2  16   56704   -80.273   -10.747     0.275     0.126
2014   2  17   56705   -80.326   -10.914     0.350     0.153
2014   2  18   56706   -80.480   -10.970     0.425     0.181
2014   2  19   56707   -80.477   -10.972     0.354     0.153
2014   2  20   56708   -80.468   -10.950     0.240     0.107
2014   2  21   56709   -80.548   -10.984     0.127     0.062
2014   2  22   56710   -80.694   -11.011     0.089     0.046
2014   2  23   56711   -80.792   -11.032     0.079     0.042
2014   2  24   56712   -80.844   -11.102     0.068     0.036
2014   2  25   56713   -80.894   -11.244     0.058     0.032
2014   2  26   56714   -81.068   -11.409     0.072     0.038
2014   2  27   56715   -81.267   -11.384     0.093     0.046
2014   2  28   56716   -81.371   -11.150     0.114     0.053
2014   3   1   56717   -81.220   -10.914     0.113     0.053

 
 3 - EARTH ANGULAR VELOCITY : DAILY FINAL VALUES OF LOD, OMEGA AT 0hUTC
 
 LOD     : Excess of the Length of day - 86400 s TAI 
 OMEGA   : Earth angular velocity  
 Description: ftp://hpiers.obspm.fr/iers/bul/bulb_new/bulletinb.pdf
 
    DATE        MJD     LOD     sigma      OMEGA           sigma        
 (0 h UTC)              ms       ms        mas/ms          mas/ms

2014   2   2   56690  1.3911  0.0106  15.04106693650    0.00000000185 
2014   2   3   56691  1.3340  0.0102  15.04106694644    0.00000000178 
2014   2   4   56692  1.2028  0.0102  15.04106696928    0.00000000178 
2014   2   5   56693  1.0018  0.0107  15.04106700427    0.00000000186 
2014   2   6   56694  0.8236  0.0107  15.04106703529    0.00000000186 
2014   2   7   56695  0.7000  0.0107  15.04106705681    0.00000000186 
2014   2   8   56696  0.6189  0.0107  15.04106707093    0.00000000186 
2014   2   9   56697  0.5558  0.0107  15.04106708191    0.00000000186 
2014   2  10   56698  0.5869  0.0108  15.04106707650    0.00000000188 
2014   2  11   56699  0.6671  0.0105  15.04106706254    0.00000000183 
2014   2  12   56700  0.7379  0.0100  15.04106705021    0.00000000174 
2014   2  13   56701  0.8575  0.0103  15.04106702939    0.00000000179 
2014   2  14   56702  0.9859  0.0108  15.04106700704    0.00000000188 
2014   2  15   56703  1.1128  0.0102  15.04106698495    0.00000000178 
2014   2  16   56704  1.2658  0.0103  15.04106695831    0.00000000179 
2014   2  17   56705  1.3315  0.0104  15.04106694687    0.00000000181 
2014   2  18   56706  1.3559  0.0103  15.04106694263    0.00000000179 
2014   2  19   56707  1.3818  0.0106  15.04106693812    0.00000000185 
2014   2  20   56708  1.3295  0.0106  15.04106694722    0.00000000185 
2014   2  21   56709  1.2159  0.0108  15.04106696700    0.00000000188 
2014   2  22   56710  1.1412  0.0109  15.04106698000    0.00000000190 
2014   2  23   56711  1.1363  0.0109  15.04106698086    0.00000000190 
2014   2  24   56712  1.1823  0.0110  15.04106697285    0.00000000191 
2014   2  25   56713  1.2766  0.0115  15.04106695643    0.00000000200 
2014   2  26   56714  1.4431  0.0114  15.04106692745    0.00000000198 
2014   2  27   56715  1.6747  0.0104  15.04106688713    0.00000000181 
2014   2  28   56716  1.8881  0.0101  15.04106684998    0.00000000176 
2014   3   1   56717  1.9819  0.0107  15.04106683365    0.00000000186 


 4 - INFORMATION ON TIME SCALES 
     
     TAI - UTC = 35 s.         during period [56690-56717]

     No leap second introduced during period [56690-56717]

     All information concerning time scales : 
	 - leap seconds announcements : Bulletin C 
	 - DUT1 announcements (UT1-UTC with 0.1 s accuracy) : Bulletin D
      can be found at : 
         - web site : http://hpiers.obspm.fr/eop-pc/
         - anonymous ftp : hpiers.obspm.fr/iers/ or 145.238.100.28


 5 - SUMMARY OF CONTRIBUTED EARTH ORIENTATION PARAMETERS SERIES
 This section gives the average precision of the individual series, some of them
 contributing to the combination (*) and their average agreement with it. 
 The period covered is that one of Bulletin B. 
 
    Units :  micro-arc-seconds for x/y/dX/dY        micro-seconds for UT1/LOD
-----------------------------------------------------------------------------
  EOP series             first line  : Mean  formal  uncertainty
  Periods covered        second line : Weighted RMS agreement with Bulletin B
-----------------------------------------------------------------------------
                                x     y    UT1   LOD   dX    dY   Data Number		

 VLBI Standards

 AUS       
 aus00007.eops                 92    76     5     -    65    59       8
 56692.21 to 56716.27         195   395    15     -    79    63

 BKG       
 bkg00013.eops                 90    88     4     -    48    44       9
 56692.21 to 56716.27         146    98     9     -    78    51

 GSFC      
 gsf2012a.eops                 68    65     3     7    42    38       9
 56692.21 to 56716.27         272   102    12    10    54    62

 IAA       
 iaa2007a.eops                 63    63     3     -    46    45       9
 56692.21 to 56716.27         254   163    15     -    88    91

 USNO      
 usn2012b.eops                109   101     5     -    81    75       8
 56692.21 to 56716.27         645   201    19     -    93    86

 MAO       
 mao2003o.eops                  0     0     0     -     0     0       0
 00000.00 to 00000.00           0     0     0     -     0     0

 IVS      *
 ivs07r1e.eops                 30    28     1     -    12    31       8
 56692.21 to 56716.27         117    27     2     -    14    20


 VLBI Intensive

 BKG      *
 bkgint09.eopi                  -     -     9     -     -     -      28
 56690.33 to 56716.80           -     -    12     -     -     -

 GSFC     *
 gsf2012a.eopi                  -     -    12     -     -     -      28
 56690.33 to 56716.80           -     -    17     -     -     -

 IAA      *
 iaa2005a.eopi                  -     -    10     -     -     -      17
 56691.79 to 56716.80           -     -    26     -     -     -

 PUL       
 pul2010a.eopi                  -     -    10     -     -     -      28
 56690.33 to 56716.80           -     -    17     -     -     -

 USNO     *
 usn2012b.eopi                  -     -    15     -     -     -      28
 56690.33 to 56716.80           -     -   242     -     -     -


 GPS

 CODE      
 cod*.erp                       6     6     -     0     -     -      27
 56690.50 to 56716.50          34    29     -     5     -     -

 JPL       
 jpl*.erp                       9    10     -     6     -     -      27
 56690.50 to 56716.50          53    58     -    15     -     -

 GFZ       
 gfz*.erp                       6     6     -     1     -     -      27
 56690.50 to 56716.50          27    39     -     6     -     -

 ESOC      
 esa*.erp                      13    12     -     3     -     -      27
 56690.50 to 56716.50          31    29     -     5     -     -

 NOAA      
 ngs*.erp                       2     3     -     0     -     -      27
 56690.50 to 56716.50          61    60     -     7     -     -

 SIO       
 sio*.erp siu*.erp             20    20     -     6     -     -      27
 56690.50 to 56716.50          30    27     -    10     -     -

 EMR       
 emr*.erp                      29    29     -     9     -     -      27
 56690.50 to 56716.50          31    28     -    21     -     -

 IAA       
 gps_iaa_*.eop                  4     5     -     0     -     -      27
 56690.50 to 56716.50          59    59     -    16     -     -

 ASI       
 cgs*.erp                       9     9     -     2     -     -      11
 56698.50 to 56715.50          56    28     -    18     -     -

 MIT       
 mit*.erp                      13    13     -     2     -     -      27
 56690.50 to 56716.50          27    36     -     5     -     -

 IGR      *
 igs96p02.erp                  18    21     -     4     -     -      27
 56690.50 to 56716.50          24    21     -     4     -     -

 IGS      *
 igs00p03.erp                   7     8     -     1     -     -      27
 56690.50 to 56716.50          20    21     -     4     -     -


 SLR

 MCC       
 tg*.02                       151   162     -    23     -     -      24
 56690.00 to 56716.00         125   165     -    90     -     -

 IAA       
 slr_iaa_*.eop                 44    44     -     2     -     -      28
 56690.00 to 56717.00         148   129     -    17     -     -

 CGS       
 asi*.eop                      71    63     -    16     -     -      27
 56690.50 to 56716.50         169   205     -    38     -     -

 ILRS     *
 ilrsa.eop                     89    81     -    19     -     -      27
 56690.50 to 56716.50         134   155     -    29     -     -


 BULLETIN A

 NEOS      
 mark3.out                     35    25     6     -     -     -      28
 56690.00 to 56717.00          22    22    10     -     -     -

To unsubscribe : http://hpiers.obspm.fr/eop-pc/products/bulletins/bulletin_registration.html