MJD;Year;Month;Day;Type;x_pole;sigma_x_pole;y_pole;sigma_y_pole;Type;UT1-UTC;sigma_UT1-UTC;LOD;sigma_LOD;Type;dPsi;sigma_dPsi;dEpsilon;sigma_dEpsilon;dX;sigma_dX;dY;sigma_dY
58301;2018;7;2;final;164.852;0.056;428.652;0.039;final;71.2642;0.0199;-0.5769;0.0113;final;-108.389;0.151;-11.848;0.069;-0.080;0.060;-0.025;0.069
58302;2018;7;3;final;166.885;0.053;427.192;0.038;final;71.6534;0.0212;-0.4792;0.0112;final;-108.498;0.148;-11.843;0.070;-0.062;0.059;-0.020;0.070
58303;2018;7;4;final;169.493;0.052;425.894;0.038;final;71.9558;0.0192;-0.3125;0.0117;final;-108.419;0.148;-11.773;0.071;-0.051;0.059;-0.021;0.071
58304;2018;7;5;final;172.372;0.055;425.368;0.039;final;72.1690;0.0163;-0.1618;0.0119;final;-108.374;0.148;-11.635;0.073;-0.042;0.059;-0.022;0.073
58305;2018;7;6;final;174.544;0.054;425.409;0.038;final;72.2937;0.0134;-0.0079;0.0121;final;-108.719;0.151;-11.551;0.075;-0.033;0.060;-0.024;0.075
58306;2018;7;7;final;176.281;0.055;425.151;0.038;final;72.3928;0.0189;0.0967;0.0124;final;-109.499;0.148;-11.576;0.073;-0.037;0.059;-0.013;0.073
58307;2018;7;8;final;177.822;0.058;425.068;0.039;final;72.2879;0.0230;0.1420;0.0118;final;-110.260;0.146;-11.624;0.070;-0.046;0.058;0.003;0.070
58308;2018;7;9;final;178.757;0.058;424.807;0.039;final;72.1294;0.0270;0.1328;0.0110;final;-110.636;0.143;-11.573;0.067;-0.055;0.057;0.018;0.067
58309;2018;7;10;final;179.172;0.051;423.852;0.034;final;71.9740;0.0209;0.1034;0.0109;final;-110.752;0.141;-11.471;0.063;-0.064;0.056;0.034;0.063
58310;2018;7;11;final;180.186;0.049;422.669;0.034;final;71.8248;0.0157;0.0650;0.0106;final;-110.916;0.138;-11.491;0.060;-0.074;0.055;0.049;0.060
58311;2018;7;12;final;181.301;0.053;421.677;0.038;final;71.8512;0.0147;-0.0210;0.0106;final;-111.112;0.138;-11.639;0.057;-0.083;0.055;0.065;0.057
58312;2018;7;13;final;182.418;0.050;420.426;0.037;final;71.7776;0.0107;-0.0531;0.0113;final;-111.100;0.136;-11.722;0.053;-0.092;0.054;0.081;0.053
58313;2018;7;14;final;184.079;0.053;419.376;0.038;final;71.8150;0.0148;0.0123;0.0123;final;-110.826;0.136;-11.642;0.055;-0.101;0.054;0.086;0.055
58314;2018;7;15;final;185.564;0.051;418.707;0.035;final;71.7083;0.0186;0.1510;0.0118;final;-110.531;0.138;-11.527;0.057;-0.109;0.055;0.087;0.057
58315;2018;7;16;final;186.391;0.044;418.469;0.034;final;71.4232;0.0148;0.3376;0.0110;final;-110.504;0.143;-11.525;0.060;-0.118;0.057;0.088;0.060
58316;2018;7;17;final;187.240;0.043;418.109;0.034;final;70.9701;0.0145;0.4982;0.0108;final;-110.846;0.146;-11.573;0.063;-0.126;0.058;0.090;0.063
58317;2018;7;18;final;188.227;0.048;417.540;0.034;final;70.3899;0.0480;0.5515;0.0112;final;-111.405;0.148;-11.539;0.066;-0.135;0.059;0.091;0.066
58318;2018;7;19;final;189.238;0.052;416.763;0.038;final;69.8254;0.0422;0.5042;0.0111;final;-111.830;0.151;-11.459;0.069;-0.144;0.060;0.092;0.069
58319;2018;7;20;final;190.448;0.047;415.788;0.033;final;69.3917;0.0181;0.3588;0.0105;final;-111.874;0.156;-11.477;0.071;-0.152;0.062;0.093;0.071
58320;2018;7;21;final;191.637;0.043;414.675;0.029;final;69.1145;0.0114;0.1953;0.0108;final;-111.647;0.166;-11.620;0.075;-0.142;0.066;0.096;0.075
58321;2018;7;22;final;192.614;0.044;413.612;0.030;final;69.0077;0.0112;0.0312;0.0109;final;-111.571;0.184;-11.765;0.080;-0.124;0.073;0.098;0.080
58322;2018;7;23;final;193.731;0.049;412.738;0.034;final;69.0495;0.0119;-0.0813;0.0116;final;-111.844;0.199;-11.813;0.084;-0.107;0.079;0.101;0.084
58323;2018;7;24;final;194.740;0.052;412.257;0.039;final;69.1959;0.0142;-0.1218;0.0119;final;-112.246;0.214;-11.817;0.089;-0.089;0.085;0.104;0.089
58324;2018;7;25;final;195.441;0.051;411.953;0.038;final;69.3493;0.0144;-0.1512;0.0109;final;-112.466;0.229;-11.874;0.093;-0.072;0.091;0.107;0.093
58325;2018;7;26;final;195.780;0.050;411.407;0.038;final;69.5655;0.0199;-0.1756;0.0104;final;-112.409;0.244;-11.964;0.097;-0.054;0.097;0.109;0.097
58326;2018;7;27;final;196.301;0.051;410.505;0.039;final;69.6997;0.0238;-0.1537;0.0106;final;-112.229;0.259;-11.959;0.102;-0.037;0.103;0.112;0.102
58327;2018;7;28;final;196.888;0.055;409.817;0.039;final;69.7518;0.0300;-0.1302;0.0115;final;-112.117;0.274;-11.804;0.106;-0.019;0.109;0.115;0.106
58328;2018;7;29;final;197.512;0.056;408.773;0.039;final;69.9362;0.0274;-0.0871;0.0122;final;-112.171;0.289;-11.604;0.111;-0.002;0.115;0.117;0.111
58329;2018;7;30;final;198.298;0.050;407.724;0.039;final;69.9870;0.0222;-0.0144;0.0123;final;-112.337;0.307;-11.497;0.115;0.016;0.122;0.120;0.115
58330;2018;7;31;final;198.404;0.049;406.561;0.039;final;69.9020;0.0249;0.0739;0.0125;final;-112.487;0.322;-11.494;0.120;0.033;0.128;0.123;0.120
58331;2018;8;1;final;198.570;0.054;405.229;0.039;final;69.7355;0.0218;0.1952;0.0116;final;-112.618;0.284;-11.547;0.108;0.008;0.113;0.069;0.108
58332;2018;8;2;prediction;198.923;0.054;404.282;0.039;prediction;69.4926;0.0171;;;prediction;;;;;-0.029;0.093;0.000;0.093
58333;2018;8;3;prediction;199.386;0.052;403.121;0.038;prediction;69.2020;0.0124;;;prediction;;;;;-0.065;0.073;-0.069;0.078
58334;2018;8;4;prediction;199.957;0.047;402.109;0.038;prediction;68.8989;0.0147;;;prediction;;;;;0.000;0.076;0.000;0.080
58335;2018;8;5;prediction;200.242;0.050;401.035;0.039;prediction;68.6304;0.0196;;;prediction;;;;;0.000;0.079;0.000;0.083
58336;2018;8;6;prediction;200.421;0.056;399.818;0.039;prediction;68.4652;0.0350;;;prediction;;;;;0.000;0.079;0.000;0.083
58337;2018;8;7;prediction;200.646;0.057;398.587;0.039;prediction;68.3176;0.0157;;;prediction;;;;;0.000;0.079;0.000;0.083
58338;2018;8;8;prediction;200.782;0.057;397.377;0.039;prediction;68.3666;0.0252;;;prediction;;;;;0.000;0.079;0.000;0.083
58339;2018;8;9;prediction;200.743;0.056;396.165;0.039;prediction;68.3559;0.0306;;;prediction;;;;;0.000;0.079;0.000;0.083
58340;2018;8;10;prediction;201.180;0.049;394.678;0.038;prediction;68.2429;0.0344;;;prediction;;;;;0.000;0.079;0.000;0.083
58341;2018;8;11;prediction;202.017;0.049;393.054;0.038;prediction;67.9568;0.0195;;;prediction;;;;;0.000;0.079;0.000;0.083
58342;2018;8;12;prediction;203.153;0.049;391.467;0.039;prediction;67.5577;0.0207;;;prediction;;;;;0.000;0.079;0.000;0.083
58343;2018;8;13;prediction;203.880;0.049;390.141;0.039;prediction;67.0080;0.0224;;;prediction;;;;;0.000;0.079;0.000;0.083
58344;2018;8;14;prediction;204.200;0.056;388.840;0.039;prediction;66.3181;0.0136;;;prediction;;;;;0.000;0.079;0.000;0.083
58345;2018;8;15;prediction;204.312;0.022;387.563;0.014;prediction;65.7755;4.3279;;;prediction;;;;;0.000;0.088;0.000;0.092
58346;2018;8;16;prediction;204.484;0.025;386.149;0.014;prediction;65.1913;3.5017;;;prediction;;;;;0.000;0.088;0.000;0.092
58347;2018;8;17;prediction;204.742;0.025;384.864;0.017;prediction;64.7548;0.0377;;;prediction;;;;;0.000;0.088;0.000;0.092
58348;2018;8;18;prediction;205.202;0.024;383.306;0.022;prediction;64.4866;0.0372;;;prediction;;;;;0.000;0.088;0.000;0.092
58349;2018;8;19;prediction;205.773;0.025;381.901;0.024;prediction;64.4191;0.0430;;;prediction;;;;;0.000;0.088;0.000;0.092
58350;2018;8;20;prediction;206.284;0.032;380.963;0.019;prediction;64.5353;4.9677;;;prediction;;;;;0.000;0.088;0.000;0.092
58351;2018;8;21;prediction;207.156;0.033;380.237;0.018;prediction;64.5203;1.3776;;;prediction;;;;;0.000;0.088;0.000;0.092
58352;2018;8;22;prediction;208.065;0.034;379.505;0.019;prediction;64.6206;5.8652;;;prediction;;;;;0.000;0.088;0.000;0.092
58353;2018;8;23;prediction;208.701;0.038;378.451;0.011;prediction;64.7949;1.0624;;;prediction;;;;;0.000;0.088;0.000;0.092
58354;2018;8;24;prediction;209.187;0.033;377.187;0.009;prediction;64.8400;5.1900;;;prediction;;;;;0.000;0.088;0.000;0.092
58355;2018;8;25;prediction;209.696;0.033;375.985;0.019;prediction;65.2279;6.2214;;;prediction;;;;;0.000;0.088;0.000;0.092
58356;2018;8;26;prediction;210.458;0.028;375.021;0.026;prediction;65.1510;2.1183;;;prediction;;;;;0.000;0.088;0.000;0.092
58357;2018;8;27;prediction;210.987;0.026;373.846;0.020;prediction;64.9989;3.4871;;;prediction;;;;;0.000;0.088;0.000;0.092
58358;2018;8;28;prediction;211.235;0.031;372.817;0.018;prediction;64.7843;0.0387;;;prediction;;;;;0.000;0.088;0.000;0.092
58359;2018;8;29;prediction;211.241;0.028;371.713;0.024;prediction;64.4539;0.0240;;;prediction;;;;;0.000;0.088;0.000;0.092
58360;2018;8;30;prediction;211.581;0.034;370.462;0.026;prediction;64.1063;0.5687;;;prediction;;;;;0.000;0.088;0.000;0.092
58361;2018;8;31;prediction;211.876;0.041;369.409;0.029;prediction;63.7521;3.7522;;;prediction;;;;;0.000;0.088;0.000;0.092
58362;2018;9;1;prediction;211.692;0.040;367.901;0.033;prediction;63.4110;7.3064;;;prediction;;;;;0.000;0.088;0.000;0.092
